25
1 20 12 plant
2 12 4 ceiling_lamp
3 5 5 rug
4 454 11 clock
5 495 26 wall_lamp
6 413 6 mattress
7 427 8 pillow
8 16 119 nightstand
9 0 9 telephone
10 18 39 door
11 428 26 wall_lamp
12 339 4 ceiling_lamp
13 9 4 ceiling_lamp
14 423 8 pillow
15 10 4 ceiling_lamp
16 446 13 painting
17 447 13 painting
18 17 119 nightstand
19 11 4 ceiling_lamp
20 13 39 door
21 434 120 closet
22 433 8 pillow
23 431 8 pillow
24 445 13 painting
25 15 7 bed_frame
0 160.076 73.8845 102.949 108.182 38.7108 68.5436 1.50127 104.461 63.2647 19.9803 90.3808 63.7195 43.36 116.528 5.23716 0 100.624 130.474 144.441 99.5718 46.6016 67.2079 38.4107 36.1671
160.076 0 115.577 154.691 145.292 106.215 151.6 168.876 154.887 118.748 168.923 55.1897 135.688 157.409 108.187 144.881 160.883 153.324 79.1754 35.7733 43.3758 152.033 146.765 128.669 113.817
73.8845 115.577 0 73.8285 81.0179 8.5 50.0472 99.0012 64.1939 130.416 120.473 112.585 155.277 49.5622 126.756 132.159 140.383 58.0828 150.592 32.4506 7.55829 42.6361 43.1097 133.632 0
102.949 154.691 73.8285 0 8.12061 11.3323 10.1992 72.3453 5.469 140.991 82.3057 113.41 119.684 40.0555 86.5653 117.653 114.323 0 176.709 148.064 127.886 38.6996 16.1979 127.296 4.23077
108.182 145.292 81.0179 8.12061 0 22.9787 18.1525 77.4412 16.5555 144.94 87.6672 104.45 115.741 46.0771 74.3734 123.301 120.126 5.72126 171.701 143.462 127.082 46.4985 24.7571 132.184 10.4992
38.7108 106.215 8.5 11.3323 22.9787 0 0.5751 2.24599 6.9783 71.8689 31.5735 105.061 107.932 0.4049 107.251 110.693 110.058 3.1765 129.507 63.556 39.5943 0 0.123501 57.1798 0
68.5436 151.6 50.0472 10.1992 18.1525 0.5751 0 35.5767 11.3466 106.356 51.1324 107.419 105.965 2.84103 94.3068 80.8956 80.0731 8.79519 158.763 140.546 117.037 4.63956 0 91.9541 0.165009
1.50127 168.876 99.0012 72.3453 77.4412 2.24599 35.5767 0 94.7535 80.1406 36.145 124.375 113.761 31.8906 134.382 31.7679 22.059 70.5025 154.965 149.855 120.065 37.6291 58.9152 56.8345 0
104.461 154.887 64.1939 5.469 16.5555 6.9783 11.3466 94.7535 0 146.647 84.679 118.699 125.912 40.0099 95.6951 125.849 115.952 0 177.901 137.586 127.578 39.5311 16.5165 134.73 5.98848
63.2647 118.748 130.416 140.991 144.94 71.8689 106.356 80.1406 146.647 0 89.4735 75.0193 108.522 95.9305 157.838 36.0082 100.494 139.911 121.374 90.1783 5.69558 93.8818 109.68 44.7176 87.977
19.9803 168.923 120.473 82.3057 87.6672 31.5735 51.1324 36.145 84.679 89.4735 0 102.615 74.0003 22.3051 111.442 37.8024 26.036 79.7773 145.433 154.172 120.176 29.2595 48.5479 59.7266 12.7847
90.3808 55.1897 112.585 113.41 104.45 105.061 107.419 124.375 118.699 75.0193 102.615 0 52.5499 107.063 51.7027 75.0643 82.4811 111.521 55.6095 74.6239 51.8737 104.519 104.243 65.6873 105.778
63.7195 135.688 155.277 119.684 115.741 107.932 105.965 113.761 125.912 108.522 74.0003 52.5499 0 91.8151 79.1753 46.5038 37.3118 115.645 108.615 141.036 108.787 93.3662 100.754 51.8625 85.9083
43.36 157.409 49.5622 40.0555 46.0771 0.4049 2.84103 31.8906 40.0099 95.9305 22.3051 107.063 91.8151 0 97.3102 57.9216 54.6223 37.1214 153.146 145.343 115.086 0.619472 6.99773 73.7872 0.427002
116.528 108.187 126.756 86.5653 74.3734 107.251 94.3068 134.382 95.6951 157.838 111.442 51.7027 79.1753 97.3102 0 120.344 116.013 85.1978 135.285 132.092 112.957 97.5312 91.0551 121.876 85.3556
5.23716 144.881 132.159 117.653 123.301 110.693 80.8956 31.7679 125.849 36.0082 37.8024 75.0643 46.5038 57.9216 120.344 0 11.426 125.098 109.527 132.584 77.0018 58.6393 79.9103 10.171 69.9399
0 160.883 140.383 114.323 120.126 110.058 80.0731 22.059 115.952 100.494 26.036 82.4811 37.3118 54.6223 116.013 11.426 0 114.013 118.374 169.042 122.249 59.437 80.452 54.466 48.2559
100.624 153.324 58.0828 0 5.72126 3.1765 8.79519 70.5025 0 139.911 79.7773 111.521 115.645 37.1214 85.1978 125.098 114.013 0 174.022 144.187 137.158 37.166 15.7099 149.025 0
130.474 79.1754 150.592 176.709 171.701 129.507 158.763 154.965 177.901 121.374 145.433 55.6095 108.615 153.146 135.285 109.527 118.374 174.022 0 63.2005 31.276 148.434 153.656 66.5814 113.873
144.441 35.7733 32.4506 148.064 143.462 63.556 140.546 149.855 137.586 90.1783 154.172 74.6239 141.036 145.343 132.092 132.584 169.042 144.187 63.2005 0 2.18023 133.716 132.135 112.189 91.7161
99.5718 43.3758 7.55829 127.886 127.082 39.5943 117.037 120.065 127.578 5.69558 120.176 51.8737 108.787 115.086 112.957 77.0018 122.249 137.158 31.276 2.18023 0 122.742 108.456 50.4248 40.8932
46.6016 152.033 42.6361 38.6996 46.4985 0 4.63956 37.6291 39.5311 93.8818 29.2595 104.519 93.3662 0.619472 97.5312 58.6393 59.437 37.166 148.434 133.716 122.742 0 3.65774 72.6647 12.906
67.2079 146.765 43.1097 16.1979 24.7571 0.123501 0 58.9152 16.5165 109.68 48.5479 104.243 100.754 6.99773 91.0551 79.9103 80.452 15.7099 153.656 132.135 108.456 3.65774 0 88.6019 11.7161
38.4107 128.669 133.632 127.296 132.184 57.1798 91.9541 56.8345 134.73 44.7176 59.7266 65.6873 51.8625 73.7872 121.876 10.171 54.466 149.025 66.5814 112.189 50.4248 72.6647 88.6019 0 51.0944
36.1671 113.817 0 4.23077 10.4992 0 0.165009 0 5.98848 87.977 12.7847 105.778 85.9083 0.427002 85.3556 69.9399 48.2559 0 113.873 91.7161 40.8932 12.906 11.7161 51.0944 0
