12
1 6 7 bed_frame
2 2 10 table_lamp
3 8 13 painting
4 9 5 rug
5 0 31 book
6 14 6 mattress
7 15 8 pillow
8 16 8 pillow
9 17 31 book
10 5 119 nightstand
11 4 119 nightstand
12 3 10 table_lamp
0 88.7401 49.1917 16.3883 22.2865 0 3.7548 5.64716 72.4207 2.4794 2.3825 26.8444
88.7401 0 113.56 85.9171 90.8772 26.9314 60.6982 26.4767 6.20062 0.1625 85.7868 97.438
49.1917 113.56 0 43.9312 53.9099 45.3397 64.1734 87.3136 112.467 104.555 50.1643 53.7262
16.3883 85.9171 43.9312 0 70.6752 17.2521 81.0967 77.5541 72.736 63.7855 65.2496 75.0319
22.2865 90.8772 53.9099 70.6752 0 15.3083 18.9783 52.5318 80.2375 76.9734 0 2.32384
0 26.9314 45.3397 17.2521 15.3083 0 0 0 64.9033 61.4503 7.10856 19.7069
3.7548 60.6982 64.1734 81.0967 18.9783 0 0 17.2297 45.8543 43.0917 10.8866 19.8974
5.64716 26.4767 87.3136 77.5541 52.5318 0 17.2297 0 13.316 11.8042 42.4107 53.9571
72.4207 6.20062 112.467 72.736 80.2375 64.9033 45.8543 13.316 0 0 69.4782 82.1425
2.4794 0.1625 104.555 63.7855 76.9734 61.4503 43.0917 11.8042 0 0 93.0513 105.634
2.3825 85.7868 50.1643 65.2496 0 7.10856 10.8866 42.4107 69.4782 93.0513 0 0.1625
26.8444 97.438 53.7262 75.0319 2.32384 19.7069 19.8974 53.9571 82.1425 105.634 0.1625 0
