14
1 22 120 closet
2 11 10 table_lamp
3 49 8 pillow
4 8 39 door
5 7 39 door
6 70 28 blanket
7 72 44 desk
8 6 26 wall_lamp
9 81 18 chair
10 82 18 chair
11 3 37 bed
12 87 8 pillow
13 0 26 wall_lamp
14 63 35 curtain
0 64.5227 143.327 57.6998 84.6313 95.2481 0 183.99 3.88972 64.6353 96.1893 147.537 160.872 120.26
64.5227 0 136.383 107.771 15.5101 80.5403 0 154.926 38.4601 17.4339 78.7661 133.294 179.803 49.4812
143.327 136.383 0 102.079 155.39 10.8424 131.118 62.2026 109.581 101.5 0 1.258 39.1992 100.294
57.6998 107.771 102.079 0 135.958 58.5515 57.6116 175.885 53.4443 88.2467 77.2413 129.89 113.208 160.843
84.6313 15.5101 155.39 135.958 0 119.99 32.608 169.826 83.5989 58.0119 110.311 158.257 205.487 2.25536
95.2481 80.5403 10.8424 58.5515 119.99 0 86.7762 43.0681 70.9468 56.375 0 7.14316 43.3934 41.3645
0 0 131.118 57.6116 32.608 86.7762 0 152.904 6.95708 47.6058 75.2727 152.127 183.698 48.5879
183.99 154.926 62.2026 175.885 169.826 43.0681 152.904 0 151.557 127.542 0 31.2126 123.969 70.9151
3.88972 38.4601 109.581 53.4443 83.5989 70.9468 6.95708 151.557 0 11.5403 51.1003 112.038 142.133 90.2219
64.6353 17.4339 101.5 88.2467 58.0119 56.375 47.6058 127.542 11.5403 0 46.5983 104.615 151.29 52.9593
96.1893 78.7661 0 77.2413 110.311 0 75.2727 0 51.1003 46.5983 0 0 0 39.7465
147.537 133.294 1.258 129.89 158.257 7.14316 152.127 31.2126 112.038 104.615 0 0 69.9657 74.3775
160.872 179.803 39.1992 113.208 205.487 43.3934 183.698 123.969 142.133 151.29 0 69.9657 0 167.744
120.26 49.4812 100.294 160.843 2.25536 41.3645 48.5879 70.9151 90.2219 52.9593 39.7465 74.3775 167.744 0
