8
1 4 3 cabinet
2 0 3 cabinet
3 23 8 pillow
4 2 119 nightstand
5 25 8 pillow
6 3 119 nightstand
7 17 6 mattress
8 5 7 bed_frame
0 54.4327 102.229 163.854 127.504 92.9125 46.1823 46.3287
54.4327 0 54.1148 125.517 87.6994 23.8645 47.5747 49.1455
102.229 54.1148 0 42.7842 4.97155 10.8199 0 2.94025
163.854 125.517 42.7842 0 8.53793 83 4.4712 4.75518
127.504 87.6994 4.97155 8.53793 0 44.5772 0 4.81077
92.9125 23.8645 10.8199 83 44.5772 0 4.62286 4.61662
46.1823 47.5747 0 4.4712 0 4.62286 0 0
46.3287 49.1455 2.94025 4.75518 4.81077 4.61662 0 0
