16
1 0 7 bed_frame
2 3 119 nightstand
3 4 10 table_lamp
4 18 120 closet
5 9 20 folded_blanket
6 22 12 plant
7 23 122 window_group
8 29 28 blanket
9 31 19 floor_lamp
10 38 8 pillow
11 39 8 pillow
12 40 8 pillow
13 21 6 mattress
14 8 20 folded_blanket
15 12 20 folded_blanket
16 11 20 folded_blanket
0 2.11904 67.1506 89.0299 94.5675 0 68.1134 0 54.7236 3.512 0.412994 0.806992 0 94.5675 95.0763 95.3422
2.11904 0 0 5.47006 20.633 88.8128 115.095 13.5068 106.414 14.693 12.2727 28.1407 3.91174 14.8894 24.4775 26.2848
67.1506 0 0 15.354 27.241 102.066 122.792 30.5776 120.503 28.305 21.7282 38.9807 19.3802 28.2925 20.8703 21.3095
89.0299 5.47006 15.354 0 0 128.595 87.6757 111.974 142.571 116.312 109.527 125.865 107.738 0 0 2.3622
94.5675 20.633 27.241 0 0 123.588 113.546 59.9648 136.405 52.2701 45.1637 63.4677 40.9133 0 14.567 16.9292
0 88.8128 102.066 128.595 123.588 0 50.1198 28.4123 18.4568 67.7858 80.7907 84.8504 23.7892 107.566 108.45 111.475
68.1134 115.095 122.792 87.6757 113.546 50.1198 0 76.0966 82.0718 115.21 125.632 126.028 73.4778 117.928 116.109 116.172
0 13.5068 30.5776 111.974 59.9648 28.4123 76.0966 0 83.1017 3.70538 16.0443 15.6513 0.0871796 40.2946 47.5383 48.8748
54.7236 106.414 120.503 142.571 136.405 18.4568 82.0718 83.1017 0 87.9563 100.96 98.804 38.4686 122.599 127.155 127.898
3.512 14.693 28.305 116.312 52.2701 67.7858 115.21 3.70538 87.9563 0 0.336377 0.957699 0 53.1162 56.6458 57.5095
0.412994 12.2727 21.7282 109.527 45.1637 80.7907 125.632 16.0443 100.96 0.336377 0 0 0 44.7515 49.257 50.2868
0.806992 28.1407 38.9807 125.865 63.4677 84.8504 126.028 15.6513 98.804 0.957699 0 0 0 63.1795 66.4428 67.2097
0 3.91174 19.3802 107.738 40.9133 23.7892 73.4778 0.0871796 38.4686 0 0 0 0 43.1023 52.8392 54.3831
94.5675 14.8894 28.2925 0 0 107.566 117.928 40.2946 122.599 53.1162 44.7515 63.1795 43.1023 0 16.9292 19.2914
95.0763 24.4775 20.8703 0 14.567 108.45 116.109 47.5383 127.155 56.6458 49.257 66.4428 52.8392 16.9292 0 0
95.3422 26.2848 21.3095 2.3622 16.9292 111.475 116.172 48.8748 127.898 57.5095 50.2868 67.2097 54.3831 19.2914 0 0
