10
1 26 18 chair
2 0 43 computer_machine
3 25 6 mattress
4 27 7 bed_frame
5 28 8 pillow
6 18 39 door
7 10 44 desk
8 2 41 monitor
9 13 32 window_set
10 24 66 mirror_and_cabinet
0 17.3758 97.2862 96.3974 100.291 33.0255 23.9886 24.347 34.6174 36.2787
17.3758 0 74.8775 75.0204 74.863 74.0027 4.49089 28.3871 42.9691 58.8307
97.2862 74.8775 0 0 0 140.838 85.7557 101.526 9.1125 15.071
96.3974 75.0204 0 0 12.9409 157.05 84.6644 101.205 23.633 87.2547
100.291 74.863 0 12.9409 0 147.419 83.618 97.3522 6.99242 62.4823
33.0255 74.0027 140.838 157.05 147.419 0 80.8829 74.0967 73.458 68.9694
23.9886 4.49089 85.7557 84.6644 83.618 80.8829 0 0 0.165001 61.04
24.347 28.3871 101.526 101.205 97.3522 74.0967 0 0 2.21284 74.5349
34.6174 42.9691 9.1125 23.633 6.99242 73.458 0.165001 2.21284 0 93.4229
36.2787 58.8307 15.071 87.2547 62.4823 68.9694 61.04 74.5349 93.4229 0
