11
1 5 119 nightstand
2 13 10 table_lamp
3 20 17 ottoman
4 80 8 pillow
5 81 8 pillow
6 82 6 mattress
7 0 33 photo_frame
8 21 24 book_array
9 27 12 plant
10 12 119 nightstand
11 78 7 bed_frame
0 0 166.62 43.2449 63.3927 4.50112 108.154 133.901 0 97.2688 0.00553131
0 0 174.373 51.2182 69.8842 34.0919 114.303 140.491 18.0955 103.336 29.7755
166.62 174.373 0 128.037 130.177 80.0439 145.32 122.076 176.823 117.078 75.4565
43.2449 51.2182 128.037 0 1.07468 0.6765 50.357 73.7373 40.1409 40.1596 8.3179
63.3927 69.8842 130.177 1.07468 0 0 16.0213 42.1676 46.4423 19.4922 10.097
4.50112 34.0919 80.0439 0.6765 0 0 13.2177 39.3786 12.8041 6.77228 0.0879993
108.154 114.303 145.32 50.357 16.0213 13.2177 0 15.4669 102.267 0 21.7177
133.901 140.491 122.076 73.7373 42.1676 39.3786 15.4669 0 125.48 0 37.5509
0 18.0955 176.823 40.1409 46.4423 12.8041 102.267 125.48 0 80.2779 8.38923
97.2688 103.336 117.078 40.1596 19.4922 6.77228 0 0 80.2779 0 6.14999
0.00553131 29.7755 75.4565 8.3179 10.097 0.0879993 21.7177 37.5509 8.38923 6.14999 0
