14
1 4 37 bed
2 8 8 pillow
3 9 8 pillow
4 10 8 pillow
5 2 57 artifact
6 17 12 plant
7 18 131 console_table
8 6 99 table
9 28 13 painting
10 26 17 ottoman
11 36 13 painting
12 40 5 rug
13 43 8 pillow
14 51 8 pillow
0 22.9812 95.7315 77.7537 70.2085 56.8388 65.2322 51.6007 34.5949 0.422897 36.565 14.4644 0 0
22.9812 0 46.6678 27.7258 123.137 26.5833 111.72 0 130.794 48.2088 88.1488 0 93.2274 70.1731
95.7315 46.6678 0 23.3504 159.454 33.3986 151.047 10.9406 176.624 97.9751 112.758 0 156.033 131.014
77.7537 27.7258 23.3504 0 123.328 35.5345 114.025 18.9134 155.264 69.7302 138.581 0 155.491 137.25
70.2085 123.137 159.454 123.328 0 133.444 0 121.374 80.693 45.018 189.987 76.8638 153.638 155.906
56.8388 26.5833 33.3986 35.5345 133.444 0 126.763 0 131.975 60.892 92.007 19.4175 123.411 101.512
65.2322 111.72 151.047 114.025 0 126.763 0 131.269 93.2784 42.9541 183.597 67.4239 148.836 150.325
51.6007 0 10.9406 18.9134 121.374 0 131.269 0 136.992 58.1525 89.9974 0 109.699 87.7128
34.5949 130.794 176.624 155.264 80.693 131.975 93.2784 136.992 0 51.9535 135.731 106.58 64.8959 76.5871
0.422897 48.2088 97.9751 69.7302 45.018 60.892 42.9541 58.1525 51.9535 0 158.057 61.1825 86.9001 107.233
36.565 88.1488 112.758 138.581 189.987 92.007 183.597 89.9974 135.731 158.057 0 58.4034 72.7559 42.1048
14.4644 0 0 0 76.8638 19.4175 67.4239 0 106.58 61.1825 58.4034 0 154.264 122.327
0 93.2274 156.033 155.491 153.638 123.411 148.836 109.699 64.8959 86.9001 72.7559 154.264 0 0
0 70.1731 131.014 137.25 155.906 101.512 150.325 87.7128 76.5871 107.233 42.1048 122.327 0 0
