12
1 3 8 pillow
2 4 8 pillow
3 5 10 table_lamp
4 10 10 table_lamp
5 64 120 closet
6 20 18 chair
7 65 66 mirror_and_cabinet
8 48 13 painting
9 66 3 cabinet
10 0 35 curtain
11 46 32 window_set
12 63 37 bed
0 1.34466 39.9423 13.9366 107.049 130.58 138.938 19.34 54.933 95.4933 102.315 0
1.34466 0 14.8957 42.373 100.493 149.588 157.072 21.4458 86.8226 70.4936 77.3335 0
39.9423 14.8957 0 70.2985 92.4208 153.173 158.016 24.8332 114.531 50.0819 57.1217 0
13.9366 42.373 70.2985 0 141.283 151.625 157.137 23.4179 35.5665 128.953 135.826 0
107.049 100.493 92.4208 141.283 0 89.5576 63.4538 133.388 195.194 14.3911 25.4315 0
130.58 149.588 153.173 151.625 89.5576 0 3.08551 165.725 155.961 119.447 131.946 63.0444
138.938 157.072 158.016 157.137 63.4538 3.08551 0 172.094 172.557 122.704 135.85 73.2304
19.34 21.4458 24.8332 23.4179 133.388 165.725 172.094 0 72.7544 78.7579 88.4453 9.35685
54.933 86.8226 114.531 35.5665 195.194 155.961 172.557 72.7544 0 177.041 183.861 44.8846
95.4933 70.4936 50.0819 128.953 14.3911 119.447 122.704 78.7579 177.041 0 0 93.2064
102.315 77.3335 57.1217 135.826 25.4315 131.946 135.85 88.4453 183.861 0 0 80.5846
0 0 0 0 0 63.0444 73.2304 9.35685 44.8846 93.2064 80.5846 0
