22
1 4 119 nightstand
2 10 131 console_table
3 12 44 desk
4 18 119 nightstand
5 792 3 cabinet
6 25 13 painting
7 26 5 rug
8 836 39 door
9 517 12 plant
10 36 6 mattress
11 81 12 plant
12 404 31 book
13 769 8 pillow
14 754 32 window_set
15 722 13 painting
16 723 10 table_lamp
17 724 10 table_lamp
18 753 24 book_array
19 762 8 pillow
20 739 13 painting
21 28 7 bed_frame
22 750 18 chair
0 148.004 18.1478 0 124.244 139.637 70.4557 205.295 112.977 3.25275 162.331 167.813 52.3282 25.7408 34.1089 89.8245 0 27.7757 23.532 172.474 0 72.9127
148.004 0 166.693 103.526 40.1356 113.234 16.4132 53.224 97.929 48.1233 0 0 107.887 173.105 135.689 108.632 147.537 179.306 119.417 28.7771 44.9279 123.336
18.1478 166.693 0 119.189 136.981 154.656 86.3884 218.118 128.318 53.6037 167.168 181.065 70.7341 45.0498 44.6823 106.152 18.0984 0 42.3741 178.299 36.0612 60.5326
0 103.526 119.189 0 36.055 57.7818 88.3721 155.195 15.1342 0 97.4001 117.38 21.2157 111.112 47.2963 0 87.8595 126.64 50.3615 103.016 0.570801 131.063
124.244 40.1356 136.981 36.055 0 44.3818 21.0844 87.2883 23.767 31.8802 41.9682 67.3916 74.3452 130.868 70.5896 39.9255 107.964 147.858 79.4165 18.8076 33.0521 128.65
139.637 113.234 154.656 57.7818 44.3818 0 104.478 144.941 9.32815 63.8525 98.5833 123.418 65.074 140.869 69.6481 33.1049 120.747 160.943 91.2956 76.3732 56.5433 171.848
70.4557 16.4132 86.3884 88.3721 21.0844 104.478 0 89.5479 167.748 66.6622 44.7554 57.9804 136.937 152.29 153.287 161.862 131.886 89.9756 128.85 72.511 3.70497 12.968
205.295 53.224 218.118 155.195 87.2883 144.941 89.5479 0 179.3 134.399 59.4519 33.5838 195.621 249.411 216.691 195.785 229.559 259.29 205.773 27.2607 132.093 183.579
112.977 97.929 128.318 15.1342 23.767 9.32815 167.748 179.3 0 40.5195 87.0353 111.177 36.9414 125.529 55.6573 16.0632 103.67 143.532 71.8882 81.8862 38.8787 147.06
3.25275 48.1233 53.6037 0 31.8802 63.8525 66.6622 134.399 40.5195 0 97.0652 116.641 0 90.5803 86.2254 11.1473 10.7148 47.3364 0 102.7 0 94.9117
162.331 0 167.168 97.4001 41.9682 98.5833 44.7554 59.4519 87.0353 97.0652 0 15.0079 101.485 167.072 121.688 94.2864 142.701 178.361 116.296 14.1367 48.0018 133.639
167.813 0 181.065 117.38 67.3916 123.418 57.9804 33.5838 111.177 116.641 15.0079 0 119.636 182.622 142.269 116.038 158.16 191.155 132.416 29.2184 58.9947 137.706
52.3282 107.887 70.7341 21.2157 74.3452 65.074 136.937 195.621 36.9414 0 101.485 119.636 0 61.885 21.6787 13.5751 40.4678 77.2383 1.44235 106.616 8.6907 88.2139
25.7408 173.105 45.0498 111.112 130.868 140.869 152.29 249.411 125.529 90.5803 167.072 182.622 61.885 0 28.1878 94.4822 8.67324 20.4881 35.9243 173.945 24.7413 78.0971
34.1089 135.689 44.6823 47.2963 70.5896 69.6481 153.287 216.691 55.6573 86.2254 121.688 142.269 21.6787 28.1878 0 37.1063 29.8098 59.7629 28.0324 122.148 11.1024 98.5859
89.8245 108.632 106.152 0 39.9255 33.1049 161.862 195.785 16.0632 11.1473 94.2864 116.038 13.5751 94.4822 37.1063 0 74.3647 114.057 41.6562 92.0138 11.7926 133.953
0 147.537 18.0984 87.8595 107.964 120.747 131.886 229.559 103.67 10.7148 142.701 158.16 40.4678 8.67324 29.8098 74.3647 0 26.1623 18.9089 149.535 14.5285 71.4801
27.7757 179.306 0 126.64 147.858 160.943 89.9756 259.29 143.532 47.3364 178.361 191.155 77.2383 20.4881 59.7629 114.057 26.1623 0 51.759 187.228 43.8032 68.1495
23.532 119.417 42.3741 50.3615 79.4165 91.2956 128.85 205.773 71.8882 0 116.296 132.416 1.44235 35.9243 28.0324 41.6562 18.9089 51.759 0 124.819 8.6907 67.519
172.474 28.7771 178.299 103.016 18.8076 76.3732 72.511 27.2607 81.8862 102.7 14.1367 29.2184 106.616 173.945 122.148 92.0138 149.535 187.228 124.819 0 64.293 161.693
0 44.9279 36.0612 0.570801 33.0521 56.5433 3.70497 132.093 38.8787 0 48.0018 58.9947 8.6907 24.7413 11.1024 11.7926 14.5285 43.8032 8.6907 64.293 0 31.2363
72.9127 123.336 60.5326 131.063 128.65 171.848 12.968 183.579 147.06 94.9117 133.639 137.706 88.2139 78.0971 98.5859 133.953 71.4801 68.1495 67.519 161.693 31.2363 0
