24
1 15 19 floor_lamp
2 3 7 bed_frame
3 4 6 mattress
4 5 28 blanket
5 8 18 chair
6 36 24 book_array
7 95 31 book
8 21 13 painting
9 35 8 pillow
10 39 119 nightstand
11 40 36 on-wall_shelf
12 0 18 chair
13 96 31 book
14 44 47 laptop
15 48 10 table_lamp
16 50 13 painting
17 16 26 wall_lamp
18 49 44 desk
19 77 24 book_array
20 78 10 table_lamp
21 81 19 floor_lamp
22 18 13 painting
23 93 13 painting
24 94 31 book
0 34.9442 38.365 34.0254 6.49249 55.8962 62.7651 19.7145 96.5102 109.812 48.1167 54.1866 60.7244 82.9821 74.4044 81.3968 149.952 30.5015 51.0039 118.786 8.97733 128.8 62.2823 59.2788
34.9442 0 0 0.416213 46.6671 68.6246 74.9281 62.6202 1.58674 11.5825 61.1232 52.059 65.0461 76.8371 75.7956 109.953 59.3934 62.3409 64.7953 22.2423 30.2028 52.6371 82.9584 66.4363
38.365 0 0 0.196228 48.1648 81.6397 89.6934 48.9155 0.125898 12.5565 49.3482 79.6887 82.6175 101.666 98.5022 120.386 69.1226 74.0325 56.5408 25.352 16.6545 42.6972 53.1098 82.691
34.0254 0.416213 0.196228 0 44.7625 67.2372 73.8581 42.5479 7.70452 13.8948 32.2491 51.495 63.8561 76.1358 74.9214 107.321 71.7321 61.0297 41.2892 23.9753 12.8958 43.2445 59.2219 65.2812
6.49249 46.6671 48.1648 44.7625 0 39.759 47.323 15.2417 100.366 110.682 48.2243 35.547 45.9053 53.1887 58.5134 56.6575 147.684 10.2309 51.435 114.739 15.1612 125.085 65.3418 44.0798
55.8962 68.6246 81.6397 67.2372 39.759 0 1.63977 46.5523 126.694 130.672 78.0236 31.36 3.07617 28.2767 20.5824 37.9116 156.465 0 80.8019 130.854 49.951 148.709 89.1526 1.73072
62.7651 74.9281 89.6934 73.8581 47.323 1.63977 0 61.8652 139.532 141.278 97.0856 25.8264 3.28283 15.4993 4.78768 32.0548 169.294 0 99.8666 142.075 68.3914 162.247 109.974 2.84228
19.7145 62.6202 48.9155 42.5479 15.2417 46.5523 61.8652 0 92.4527 110.036 31.7965 71.4899 55.2033 75.4541 67.559 48.9242 138.848 36.1625 35.3088 113.362 3.6447 111.756 39.6359 53.8475
96.5102 1.58674 0.125898 7.70452 100.366 126.694 139.532 92.4527 0 19.1569 30.9366 120.058 136.974 146.087 144.973 179.409 70.1243 133.966 37.9109 29.4807 72.9342 30.5737 56.191 138.554
109.812 11.5825 12.5565 13.8948 110.682 130.672 141.278 110.036 19.1569 0 66.4576 103.417 124.964 130.249 129.137 169.262 72.5068 120.694 69.2376 6.21261 90.7983 27.9535 90.7684 127.419
48.1167 61.1232 49.3482 32.2491 48.2243 78.0236 97.0856 31.7965 30.9366 66.4576 0 89.969 91.2727 109.483 103.033 115.073 109.69 83.4144 0 83.9979 16.249 74.4577 31.8004 91.3248
54.1866 52.059 79.6887 51.495 35.547 31.36 25.8264 71.4899 120.058 103.417 89.969 0 18.2888 10.8149 15.741 52.1315 132.003 19.6575 80.7148 104.792 54.1639 125.21 96.538 19.957
60.7244 65.0461 82.6175 63.8561 45.9053 3.07617 3.28283 55.2033 136.974 124.964 91.2727 18.2888 0 14.9808 5.61709 39.4929 160.62 0 93.1439 133.06 62.6683 153.377 104.392 0
82.9821 76.8371 101.666 76.1358 53.1887 28.2767 15.4993 75.4541 146.087 130.249 109.483 10.8149 14.9808 0 15.4834 27.5752 155.838 0 104.686 137.543 76.323 149.635 116.108 30.2436
74.4044 75.7956 98.5022 74.9214 58.5134 20.5824 4.78768 67.559 144.973 129.137 103.033 15.741 5.61709 15.4834 0 31.3332 149.652 0 94.7494 127.895 70.6967 145.712 103.438 8.72652
81.3968 109.953 120.386 107.321 56.6575 37.9116 32.0548 48.9242 179.409 169.262 115.073 52.1315 39.4929 27.5752 31.3332 0 187.065 22.1574 114.765 168.926 84.3592 186.331 117.095 39.6863
149.952 59.3934 69.1226 71.7321 147.684 156.465 169.294 138.848 70.1243 72.5068 109.69 132.003 160.62 155.838 149.652 187.065 0 150.591 84.4808 41.6907 119.486 3.23467 88.8516 157.059
30.5015 62.3409 74.0325 61.0297 10.2309 0 0 36.1625 133.966 120.694 83.4144 19.6575 0 0 0 22.1574 150.591 0 78.3894 132.368 42.6547 149.276 88.3371 0
51.0039 64.7953 56.5408 41.2892 51.435 80.8019 99.8666 35.3088 37.9109 69.2376 0 80.7148 93.1439 104.686 94.7494 114.765 84.4808 78.3894 0 60.1552 19.074 48.8352 20.9237 85.9603
118.786 22.2423 25.352 23.9753 114.739 130.854 142.075 113.362 29.4807 6.21261 83.9979 104.792 133.06 137.543 127.895 168.926 41.6907 132.368 60.1552 0 94.0533 18.9569 79.8456 130.086
8.97733 30.2028 16.6545 12.8958 15.1612 49.951 68.3914 3.6447 72.9342 90.7983 16.249 54.1639 62.6683 76.323 70.6967 84.3592 119.486 42.6547 19.074 94.0533 0 95.7702 23.6283 70.1862
128.8 52.6371 42.6972 43.2445 125.085 148.709 162.247 111.756 30.5737 27.9535 74.4577 125.21 153.377 149.635 145.712 186.331 3.23467 149.276 48.8352 18.9569 95.7702 0 49.5076 147.538
62.2823 82.9584 53.1098 59.2219 65.3418 89.1526 109.974 39.6359 56.191 90.7684 31.8004 96.538 104.392 116.108 103.438 117.095 88.8516 88.3371 20.9237 79.8456 23.6283 49.5076 0 95.2373
59.2788 66.4363 82.691 65.2812 44.0798 1.73072 2.84228 53.8475 138.554 127.419 91.3248 19.957 0 30.2436 8.72652 39.6863 157.059 0 85.9603 130.086 70.1862 147.538 95.2373 0
