18
1 6 13 painting
2 49 18 chair
3 28 18 chair
4 5 106 tv
5 43 3 cabinet
6 15 119 nightstand
7 16 119 nightstand
8 18 8 pillow
9 40 12 plant
10 17 13 painting
11 24 8 pillow
12 26 7 bed_frame
13 27 13 painting
14 30 6 mattress
15 33 12 plant
16 32 120 closet
17 23 99 table
18 37 13 painting
0 253.717 242.193 190.15 192.37 91.514 91.514 98.1951 87.2374 4.552 90.0634 79.0536 3.78201 96.1901 132.16 44.9672 268.29 1.369
253.717 0 25.6065 50.1451 41.397 202.369 219.145 198.89 159.603 213.433 203.331 129.218 231.701 138.25 122.232 145.855 7.58459 218.876
242.193 25.6065 0 82.8543 52.076 173.59 202.688 174.54 148.429 186.903 182.55 108.257 214.355 116.367 95.0614 168.624 7.66188 195.443
190.15 50.1451 82.8543 0 0 170.175 163.712 155.799 91.621 182.281 156.896 91.9651 176.097 95.7525 94.3795 76.8619 102.514 175.788
192.37 41.397 52.076 0 0 182.654 171.319 173.443 94.2686 180.206 159.433 97.0986 181.003 98.8783 89.6364 63.4799 77.0521 181.273
91.514 202.369 173.59 170.175 182.654 0 63.7479 15.3959 106.865 0 36.1834 0 64.9048 5.6762 70.3345 124.838 219.144 37.0416
91.514 219.145 202.688 163.712 171.319 63.7479 0 49.8679 73.2046 83.683 30.2108 0 0 23.5539 112.402 44.2747 236.85 37.2111
98.1951 198.89 174.54 155.799 173.443 15.3959 49.8679 0 73.7869 16.8269 2.0816 0 35.5755 0.5023 70.7805 92.9621 201.963 23.4094
87.2374 159.603 148.429 91.621 94.2686 106.865 73.2046 73.7869 0 98.4357 68.048 34.9212 77.7715 25.0169 48.615 34.9605 174.959 80.4094
4.552 213.433 186.903 182.281 180.206 0 83.683 16.8269 98.4357 0 53.6611 1.03139 82.657 26.9579 83.6965 142.716 216.209 1.9631
90.0634 203.331 182.55 156.896 159.433 36.1834 30.2108 2.0816 68.048 53.6611 0 0.177002 16.4719 0.3536 84.0831 73.2935 211.862 26.9086
79.0536 129.218 108.257 91.9651 97.0986 0 0 0 34.9212 1.03139 0.177002 0 1.03139 0 76.9003 67.0122 137.165 36.2386
3.78201 231.701 214.355 176.097 181.003 64.9048 0 35.5755 77.7715 82.657 16.4719 1.03139 0 14.0825 109.6 60.0588 241.092 1.96311
96.1901 138.25 116.367 95.7525 98.8783 5.6762 23.5539 0.5023 25.0169 26.9579 0.3536 0 14.0825 0 25.1244 69.2494 142.825 31.0932
132.16 122.232 95.0614 94.3795 89.6364 70.3345 112.402 70.7805 48.615 83.6965 84.0831 76.9003 109.6 25.1244 0 116.415 123.116 88.1421
44.9672 145.855 168.624 76.8619 63.4799 124.838 44.2747 92.9621 34.9605 142.716 73.2935 67.0122 60.0588 69.2494 116.415 0 190.85 62.0372
268.29 7.58459 7.66188 102.514 77.0521 219.144 236.85 201.963 174.959 216.209 211.862 137.165 241.092 142.825 123.116 190.85 0 250.468
1.369 218.876 195.443 175.788 181.273 37.0416 37.2111 23.4094 80.4094 1.9631 26.9086 36.2386 1.96311 31.0932 88.1421 62.0372 250.468 0
