12
1 4 120 closet
2 12 6 mattress
3 9 3 cabinet
4 20 39 door
5 36 7 bed_frame
6 17 35 curtain
7 39 45 air_conditioner
8 41 120 closet
9 26 8 pillow
10 28 7 bed_frame
11 13 6 mattress
12 34 8 pillow
0 89.9871 0 78.796 85.4891 0 71.4814 50.1975 135.54 68.9375 71.0067 147.238
89.9871 0 60.2957 73.9738 0 107.083 99.0723 50.2589 55.1555 12.5072 14.3232 0
0 60.2957 0 78.7957 73.3074 15.34 113.496 2.9531 121.068 53.1894 56.1568 133.994
78.796 73.9738 78.7957 0 105.849 94.6653 10.658 5.5982 144.442 87.8579 83.8713 169.136
85.4891 0 73.3074 105.849 0 70.3272 101.236 50.2599 56.9996 13.2134 16.5155 0.826004
0 107.083 15.34 94.6653 70.3272 0 89.1575 67.1805 74.3924 17.6946 22.1965 104.332
71.4814 99.0723 113.496 10.658 101.236 89.1575 0 30.5786 163.979 120.079 124.145 143.806
50.1975 50.2589 2.9531 5.5982 50.2599 67.1805 30.5786 0 117.162 54.0349 56.1259 115.886
135.54 55.1555 121.068 144.442 56.9996 74.3924 163.979 117.162 0 0.826004 0 25.3626
68.9375 12.5072 53.1894 87.8579 13.2134 17.6946 120.079 54.0349 0.826004 0 0 22.175
71.0067 14.3232 56.1568 83.8713 16.5155 22.1965 124.145 56.1259 0 0 0 19.8192
147.238 0 133.994 169.136 0.826004 104.332 143.806 115.886 25.3626 22.175 19.8192 0
