12
1 17 37 bed
2 25 32 window_set
3 12 120 closet
4 34 18 chair
5 47 10 table_lamp
6 51 8 pillow
7 53 8 pillow
8 55 8 pillow
9 11 66 mirror_and_cabinet
10 123 119 nightstand
11 125 119 nightstand
12 128 10 table_lamp
0 139.229 55.352 158.241 25.3187 0.346901 0 0 191.655 16.9216 29.7734 26.3599
139.229 0 24.281 45.3612 104.484 168.429 147.705 187.943 2.06782 108.529 231.482 231.606
55.352 24.281 0 102.848 50.3916 103.005 80.617 125.772 0 0 168.313 233.086
158.241 45.3612 102.848 0 99.8887 146.552 133.208 159.861 12.3906 91.4559 186.766 194.576
25.3187 104.484 50.3916 99.8887 0 54.1422 35.3525 74.0823 126.067 0 118.732 114.239
0.346901 168.429 103.005 146.552 54.1422 0 0 0 173.14 37.2818 41.4006 51.1515
0 147.705 80.617 133.208 35.3525 0 0 14.0628 165.782 16.1213 61.5815 68.2
0 187.943 125.772 159.861 74.0823 0 14.0628 0 193.794 57.9137 20.1134 32.4315
191.655 2.06782 0 12.3906 126.067 173.14 165.782 193.794 0 160.529 217.23 226.192
16.9216 108.529 0 91.4559 0 37.2818 16.1213 57.9137 160.529 0 129.526 139.796
29.7734 231.482 168.313 186.766 118.732 41.4006 61.5815 20.1134 217.23 129.526 0 0.856199
26.3599 231.606 233.086 194.576 114.239 51.1515 68.2 32.4315 226.192 139.796 0.856199 0
