25
1 3 20 folded_blanket
2 4 20 folded_blanket
3 5 20 folded_blanket
4 18 10 table_lamp
5 7 20 folded_blanket
6 8 20 folded_blanket
7 9 20 folded_blanket
8 11 20 folded_blanket
9 12 20 folded_blanket
10 13 20 folded_blanket
11 28 37 bed
12 30 8 pillow
13 32 8 pillow
14 33 131 console_table
15 36 119 nightstand
16 38 18 chair
17 46 119 nightstand
18 47 3 cabinet
19 54 19 floor_lamp
20 63 13 painting
21 65 14 mirror
22 68 13 painting
23 24 12 plant
24 22 10 table_lamp
25 139 5 rug
0 4.30432 0 67.2648 12.1957 12.8121 11.7212 17.1967 15.1117 15.5093 60.1243 80.2267 105.775 3.29174 135.054 39.1578 59.5787 170.689 45.042 32.2151 179.969 97.4423 23.1296 139.575 137.684
4.30432 0 0 68.4256 12.6547 12.1957 11.7462 20.2968 17.1966 18.1022 60.6313 80.8997 106.428 0 135.663 39.5125 60.0045 171.141 44.8066 36.5874 181.164 99.161 27.1637 140.943 137.941
0 0 0 67.5967 12.8813 12.8629 12.1957 19.2213 16.5586 17.1967 60.6278 80.3964 106.046 2.66696 135.423 39.9712 59.5747 171.058 44.3455 34.366 180.618 98.1635 25.3589 140.285 138.045
67.2648 68.4256 67.5967 0 79.5009 81.304 80.0474 78.4201 79.6194 78.6389 5.19335 22.0906 37.6449 51.3071 71.0067 97.682 0 108.914 44.0145 68.4089 111.01 18.0592 68.8769 70.1773 105.628
12.1957 12.6547 12.8813 79.5009 0 2.45433 0 11.4108 7.14723 9.15711 60.9123 89.3778 110.382 4.19661 144.302 27.3021 77.474 176.988 67.8305 32.2313 180.054 105.928 22.0161 140.475 138.461
12.8121 12.1957 12.8629 81.304 2.45433 0 0 15.8102 11.4108 13.5191 61.4158 89.8902 110.933 0 144.863 27.6249 77.7866 177.397 67.5612 36.6273 181.244 107.505 26.484 141.783 138.724
11.7212 11.7462 12.1957 80.0474 0 0 0 13.7129 9.38486 11.4108 61.4158 89.3113 110.464 1.96183 144.554 28.0778 77.2968 177.258 67.1011 34.4006 180.615 106.444 24.2513 141.054 138.826
17.1967 20.2968 19.2213 78.4201 11.4108 15.8102 13.7129 0 2.2365 0 50.4495 91.4512 112.136 4.43098 135.713 15.5801 73.8097 167.787 70.1318 18.9126 179.697 105.598 10.9141 154.902 140.581
15.1117 17.1966 16.5586 79.6194 7.14723 11.4108 9.38486 2.2365 0 0 50.9452 91.4462 112.266 0 136.129 14.2048 73.976 168.183 80.4133 23.2826 185.878 114.431 15.275 141.059 140.574
15.5093 18.1022 17.1967 78.6389 9.15711 13.5191 11.4108 0 0 0 50.9956 91.1171 111.998 2.30533 135.843 14.6735 73.4616 168.029 69.5278 20.9651 180.592 105.711 13.0385 155.262 140.847
60.1243 60.6313 60.6278 5.19335 60.9123 61.4158 61.4158 50.4495 50.9452 50.9956 0 0 0 68.408 0 109.897 0 64.4965 125.24 64.4612 46.2038 21.6319 115.163 5.70226 93.9827
80.2267 80.8997 80.3964 22.0906 89.3778 89.8902 89.3113 91.4512 91.4462 91.1171 0 0 3.27836 69.9984 36.8371 110.272 5.69025 76.1622 60.8119 89.7244 82.1413 25.5312 88.2429 43.2853 64.8318
105.775 106.428 106.046 37.6449 110.382 110.933 110.464 112.136 112.266 111.998 0 3.27836 0 94.9833 7.99954 126.499 35.6068 46.3749 90.7328 114.572 54.0569 10.7108 109.379 14.6867 41.4014
3.29174 0 2.66696 51.3071 4.19661 0 1.96183 4.43098 0 2.30533 68.408 69.9984 94.9833 0 143.924 9.51319 90.0038 172.872 85.9048 15.9449 185.812 116.764 0 147.42 153.216
135.054 135.663 135.423 71.0067 144.302 144.863 144.554 135.713 136.129 135.843 0 36.8371 7.99954 143.924 0 145.267 68.9396 38.3654 123.723 144.025 51.7886 37.0723 134.27 0 30.523
39.1578 39.5125 39.9712 97.682 27.3021 27.6249 28.0778 15.5801 14.2048 14.6735 109.897 110.272 126.499 9.51319 145.267 0 109.343 192.663 94.889 31.185 186.932 121.657 36.3088 169.458 132.277
59.5787 60.0045 59.5747 0 77.474 77.7866 77.2968 73.8097 73.976 73.4616 0 5.69025 35.6068 90.0038 68.9396 109.343 0 123.661 37.8956 72.9213 129.769 46.2867 73.9017 90.0425 93.1574
170.689 171.141 171.058 108.914 176.988 177.397 177.258 167.787 168.183 168.029 64.4965 76.1622 46.3749 172.872 38.3654 192.663 123.661 0 196.996 208.576 8.11646 91.1732 194.364 57.649 33.8538
45.042 44.8066 44.3455 44.0145 67.8305 67.5612 67.1011 70.1318 80.4133 69.5278 125.24 60.8119 90.7328 85.9048 123.723 94.889 37.8956 196.996 0 55.879 166.794 73.688 65.1229 126.06 159.984
32.2151 36.5874 34.366 68.4089 32.2313 36.6273 34.4006 18.9126 23.2826 20.9651 64.4612 89.7244 114.572 15.9449 144.025 31.185 72.9213 208.576 55.879 0 182.995 98.69 33.0131 144.394 168.923
179.969 181.164 180.618 111.01 180.054 181.244 180.615 179.697 185.878 180.592 46.2038 82.1413 54.0569 185.812 51.7886 186.932 129.769 8.11646 166.794 182.995 0 89.165 204.547 61.5622 80.186
97.4423 99.161 98.1635 18.0592 105.928 107.505 106.444 105.598 114.431 105.711 21.6319 25.5312 10.7108 116.764 37.0723 121.657 46.2867 91.1732 73.688 98.69 89.165 0 126.23 25.1707 81.9473
23.1296 27.1637 25.3589 68.8769 22.0161 26.484 24.2513 10.9141 15.275 13.0385 115.163 88.2429 109.379 0 134.27 36.3088 73.9017 194.364 65.1229 33.0131 204.547 126.23 0 133.132 139.055
139.575 140.943 140.285 70.1773 140.475 141.783 141.054 154.902 141.059 155.262 5.70226 43.2853 14.6867 147.42 0 169.458 90.0425 57.649 126.06 144.394 61.5622 25.1707 133.132 0 38.8656
137.684 137.941 138.045 105.628 138.461 138.724 138.826 140.581 140.574 140.847 93.9827 64.8318 41.4014 153.216 30.523 132.277 93.1574 33.8538 159.984 168.923 80.186 81.9473 139.055 38.8656 0
