9
1 4 7 bed_frame
2 6 13 painting
3 10 18 chair
4 2 119 nightstand
5 21 8 pillow
6 25 8 pillow
7 3 119 nightstand
8 0 66 mirror_and_cabinet
9 9 6 mattress
0 10.2826 110.147 63.3596 0.124245 0 8.03754 124.037 0
10.2826 0 185.518 10.3014 15.8397 32.8431 67.6949 131.035 25.4133
110.147 185.518 0 164.623 158.933 152.435 142.525 67.5528 82.6759
63.3596 10.3014 164.623 0 48.5688 72.0077 106.282 162.296 39.2461
0.124245 15.8397 158.933 48.5688 0 2.6068 40.4671 102.285 0.442801
0 32.8431 152.435 72.0077 2.6068 0 15.1125 77.2222 0.629
8.03754 67.6949 142.525 106.282 40.4671 15.1125 0 58.6416 17.0846
124.037 131.035 67.5528 162.296 102.285 77.2222 58.6416 0 92.707
0 25.4133 82.6759 39.2461 0.442801 0.629 17.0846 92.707 0
