24
1 16 32 window_set
2 17 99 table
3 12 10 table_lamp
4 204 13 painting
5 37 26 wall_lamp
6 11 35 curtain
7 49 26 wall_lamp
8 135 18 chair
9 10 119 nightstand
10 9 119 nightstand
11 0 66 mirror_and_cabinet
12 131 8 pillow
13 198 13 painting
14 134 8 pillow
15 138 8 pillow
16 7 13 painting
17 57 13 painting
18 168 46 couch
19 124 6 mattress
20 8 7 bed_frame
21 89 13 painting
22 186 13 painting
23 33 12 plant
24 192 13 painting
0 19.4564 49.0945 287.972 326.409 0 267.432 79.7128 313.578 262.322 126.532 89.5826 312.106 277.312 292.588 149.071 312.335 116.408 217.81 215.082 299.065 288.238 229.131 299.314
19.4564 0 0 273.408 301.797 49.9303 259.016 28.3362 284.649 248.961 0 51.3092 290.104 258.152 268.89 161.637 293.601 111.239 193.899 190.457 280.584 276.636 239.261 283.73
49.0945 0 0 279.929 308.951 56.8336 263.536 37.5591 294.825 256.451 88.1046 51.646 297.98 266.524 278.044 157.042 299.576 118.019 203.329 200.548 287.832 281.627 234.919 289.484
287.972 273.408 279.929 0 88.0397 208.126 23.8913 269.138 80.2642 28.7836 281.29 289.7 49.5 33.2445 48.2552 145.098 49.8993 105.363 42.7104 27.8998 22.5 6.3 87.9634 23.3653
326.409 301.797 308.951 88.0397 0 257.687 112.151 279.244 16.6256 102.169 271.268 296.748 16.5775 69.9762 36.8141 216.835 16.1393 182.938 41.4237 27.7929 43.1893 69.9963 175.788 43.023
0 49.9303 56.8336 208.126 257.687 0 216.897 113.295 277.443 221.422 144.766 126.231 266.106 236.84 253.588 97.5589 264.724 90.4068 183.828 183.319 251.404 237.319 178.778 249.941
267.432 259.016 263.536 23.8913 112.151 216.897 0 256.762 100.44 15.5931 275.065 277.511 74.3361 33.5885 62.4767 113.323 74.4778 78.2808 36.5267 22.3127 47.3789 21.0418 54.3534 47.601
79.7128 28.3362 37.5591 269.138 279.244 113.295 256.762 0 263.558 245.152 16.1186 0 275.171 247.536 254.641 187.717 279.874 128.301 181.728 179.019 270.197 270.707 242.595 274.986
313.578 284.649 294.825 80.2642 16.6256 277.443 100.44 263.558 0 82.2911 272.051 294.633 40.7558 43.5957 8.1883 235.659 66.1646 164.201 6.72016 0 50.8853 87.7058 163.769 72.8425
262.322 248.961 256.451 28.7836 102.169 221.422 15.5931 245.152 82.2911 0 275.749 268.742 57.0256 34.8492 66.9508 121.719 66.052 68.5387 2.70024 0 30.4812 48.0945 54.8269 45.1669
126.532 0 88.1046 281.29 271.268 144.766 275.065 16.1186 272.051 275.749 0 25.3075 281.415 264.93 265.021 216.919 285.417 158.924 199.019 196.893 281.414 284.745 265.762 284.897
89.5826 51.3092 51.646 289.7 296.748 126.231 277.511 0 294.633 268.742 25.3075 0 294.971 274.787 275.952 198.496 297.888 147.793 209.251 207.508 293.013 293.203 263.889 295.23
312.106 290.104 297.98 49.5 16.5775 266.106 74.3361 275.171 40.7558 57.0256 281.415 294.971 0 39.9375 32.9798 189.974 6.3 150.575 42.6311 27.8618 8.1 35.6609 141.267 10.2616
277.312 258.152 266.524 33.2445 69.9762 236.84 33.5885 247.536 43.5957 34.8492 264.93 274.787 39.9375 0 5.49394 148.132 46.3816 95.6382 0.403392 0.37102 15.7339 40.523 93.8833 40.3007
292.588 268.89 278.044 48.2552 36.8141 253.588 62.4767 254.641 8.1883 66.9508 265.021 275.952 32.9798 5.49394 0 174.366 39.2097 124.55 0.573072 0.143276 20.957 45.7301 124.923 42.5281
149.071 161.637 157.042 145.098 216.835 97.5589 113.323 187.717 235.659 121.719 216.919 198.496 189.974 148.132 174.366 0 185.727 29.3557 125.136 126.011 162.939 141.223 82.9832 162.758
312.335 293.601 299.576 49.8993 16.1393 264.724 74.4778 279.874 66.1646 66.052 285.417 297.888 6.3 46.3816 39.2097 185.727 0 159.388 69.1438 54.8096 25.6144 35.1 144.221 8.1
116.408 111.239 118.019 105.363 182.938 90.4068 78.2808 128.301 164.201 68.5387 158.924 147.793 150.575 95.6382 124.55 29.3557 159.388 0 109.783 107.063 148.656 130.591 33.7075 153.052
217.81 193.899 203.329 42.7104 41.4237 183.828 36.5267 181.728 6.72016 2.70024 199.019 209.251 42.6311 0.403392 0.573072 125.136 69.1438 109.783 0 0 32.8043 70.0567 83.745 54.0543
215.082 190.457 200.548 27.8998 27.7929 183.319 22.3127 179.019 0 0 196.893 207.508 27.8618 0.37102 0.143276 126.011 54.8096 107.063 0 0 30.8875 57.7328 82.9045 57.715
299.065 280.584 287.832 22.5 43.1893 251.404 47.3789 270.197 50.8853 30.4812 281.414 293.013 8.1 15.7339 20.957 162.939 25.6144 148.656 32.8043 30.8875 0 10.2616 114.534 6.3
288.238 276.636 281.627 6.3 69.9963 237.319 21.0418 270.707 87.7058 48.0945 284.745 293.203 35.6609 40.523 45.7301 141.223 35.1 130.591 70.0567 57.7328 10.2616 0 92.6804 22.5
229.131 239.261 234.919 87.9634 175.788 178.778 54.3534 242.595 163.769 54.8269 265.762 263.889 141.267 93.8833 124.923 82.9832 144.221 33.7075 83.745 82.9045 114.534 92.6804 0 115.091
299.314 283.73 289.484 23.3653 43.023 249.941 47.601 274.986 72.8425 45.1669 284.897 295.23 10.2616 40.3007 42.5281 162.758 8.1 153.052 54.0543 57.715 6.3 22.5 115.091 0
