23
1 4 37 bed
2 51 10 table_lamp
3 8 32 window_set
4 10 18 chair
5 11 43 computer_machine
6 12 44 desk
7 2 35 curtain
8 15 40 keyboard
9 17 42 speaker
10 18 42 speaker
11 14 41 monitor
12 21 41 monitor
13 22 39 door
14 25 39 door
15 30 8 pillow
16 32 8 pillow
17 34 8 pillow
18 35 13 painting
19 3 39 door
20 47 119 nightstand
21 48 32 window_set
22 49 32 window_set
23 50 32 window_set
0 23.8598 24.156 26.8413 46.945 48.9795 0 56.2965 60.4692 63.1733 54.998 64.1482 41.3296 96.2463 0 0 0 23.9065 23.9401 1.17133 32.9621 30.8195 30.8196
23.8598 0 17.9774 120.322 133.343 134.832 9.14428 142.781 141.764 160.878 139.858 155.695 157.221 105.876 58.6643 39.1055 20.2018 108.712 122.802 0 91.3317 38.1303 6.47145
24.156 17.9774 0 130.874 149.853 151.314 0 157.075 166.874 161.186 157.558 163.121 138.34 95.4823 50.1252 27.9725 17.6541 50.0296 85.9354 73.0104 150.874 114.995 32.6259
26.8413 120.322 130.874 0 22.1136 7.28294 118.586 25.8423 36.1919 30.6747 26.0417 34.8487 42.6669 109.186 98.1088 97.9081 98.6956 78.2146 41.6479 112.012 60.9647 77.6627 113.572
46.945 133.343 149.853 22.1136 0 2.60584 139.656 25.5215 15.0566 51.5746 18.6164 35.8966 85.8752 145.989 143.015 138.829 138.405 127.645 98.766 123.108 39.1945 85.962 130.186
48.9795 134.832 151.314 7.28294 2.60584 0 139.272 0 0 0 0 0 31.3853 121.833 120.247 118.983 118.823 84.3482 46.1274 141.614 45.6875 84.035 127.629
0 9.14428 0 118.586 139.656 139.272 0 141.401 160.952 147.051 152.353 148.667 127.143 22.8341 6.62528 18.4262 10.9598 41.3797 76.2236 2.84769 111.646 59.6718 22.1608
56.2965 142.781 157.075 25.8423 25.5215 0 141.401 0 13.8686 24.6873 8.95073 9.80349 60.1473 135.951 125.139 124.389 124.947 102.346 71.4156 135.582 62.2831 88.0859 126.595
60.4692 141.764 166.874 36.1919 15.0566 0 160.952 13.8686 0 43.4068 0.230836 24.6301 79.1095 146.248 129.748 129.275 128.997 115.389 88.4138 133.198 44.9257 79.91 122.802
63.1733 160.878 161.186 30.6747 51.5746 0 147.051 24.6873 43.4068 0 20.8322 0.118798 33.8936 131.866 131.936 129.856 135.332 94.0137 54.3284 150.121 89.3274 111.677 145.863
54.998 139.858 157.558 26.0417 18.6164 0 152.353 8.95073 0.230836 20.8322 0 0 74.6438 142.713 125.937 121.295 120.233 110.35 81.0955 129.906 52.5798 80.9049 120.977
64.1482 155.695 163.121 34.8487 35.8966 0 148.667 9.80349 24.6301 0.118798 0 0 38.3357 138.537 129.927 129.949 132.661 102.481 57.8193 145.726 73.3065 101.467 139.374
41.3296 157.221 138.34 42.6669 85.8752 31.3853 127.143 60.1473 79.1095 33.8936 74.6438 38.3357 0 99.7251 106.594 115.138 127.591 62.942 17.1092 147.93 126.041 134.915 156.324
96.2463 105.876 95.4823 109.186 145.989 121.833 22.8341 135.951 146.248 131.866 142.713 138.537 99.7251 0 28.877 53.6641 77.7714 10.395 46.1088 98.4464 150.588 129.478 123.841
0 58.6643 50.1252 98.1088 143.015 120.247 6.62528 125.139 129.748 131.936 125.937 129.927 106.594 28.877 0 1.2211 26.5849 26.874 54.9821 50.9917 120.092 85.2361 76.0263
0 39.1055 27.9725 97.9081 138.829 118.983 18.4262 124.389 129.275 129.856 121.295 129.949 115.138 53.6641 1.2211 0 0.289842 51.0806 69.7646 25.8978 106.027 63.9114 50.9479
0 20.2018 17.6541 98.6956 138.405 118.823 10.9598 124.947 128.997 135.332 120.233 132.661 127.591 77.7714 26.5849 0.289842 0 74.7123 88.5518 3.32632 96.7633 47.1184 26.9742
23.9065 108.712 50.0296 78.2146 127.645 84.3482 41.3797 102.346 115.389 94.0137 110.35 102.481 62.942 10.395 26.874 51.0806 74.7123 0 12.4571 108.488 134.633 127.586 127.289
23.9401 122.802 85.9354 41.6479 98.766 46.1274 76.2236 71.4156 88.4138 54.3284 81.0955 57.8193 17.1092 46.1088 54.9821 69.7646 88.5518 12.4571 0 119.11 126.637 128.614 139.305
1.17133 0 73.0104 112.012 123.108 141.614 2.84769 135.582 133.198 150.121 129.906 145.726 147.93 98.4464 50.9917 25.8978 3.32632 108.488 119.11 0 88.5917 34.2621 0
32.9621 91.3317 150.874 60.9647 39.1945 45.6875 111.646 62.2831 44.9257 89.3274 52.5798 73.3065 126.041 150.588 120.092 106.027 96.7633 134.633 126.637 88.5917 0 20.9251 68.5993
30.8195 38.1303 114.995 77.6627 85.962 84.035 59.6718 88.0859 79.91 111.677 80.9049 101.467 134.915 129.478 85.2361 63.9114 47.1184 127.586 128.614 34.2621 20.9251 0 14.245
30.8196 6.47145 32.6259 113.572 130.186 127.629 22.1608 126.595 122.802 145.863 120.977 139.374 156.324 123.841 76.0263 50.9479 26.9742 127.289 139.305 0 68.5993 14.245 0
