16
1 10 13 painting
2 7 8 pillow
3 9 7 bed_frame
4 11 8 pillow
5 28 57 artifact
6 8 120 closet
7 42 123 shelves
8 79 6 mattress
9 6 18 chair
10 97 27 box
11 90 10 table_lamp
12 95 5 rug
13 51 57 artifact
14 31 57 artifact
15 162 119 nightstand
16 1 56 plush
0 32.3858 6.04241 11.4281 177.282 99.2921 154.067 21.461 43.1392 65.9807 7.58015 96.8577 161.684 172.777 26.0733 49.491
32.3858 0 0.00821677 0 125.874 46.7938 98.8766 0.170703 73.3013 39.7246 47.7995 73.6573 102.595 118.425 39.5476 84.3443
6.04241 0.00821677 0 0 71.1657 96.4254 55.3281 0 34.9075 64.3232 66.8607 8.40871 57.7559 65.6606 7.42687 43.1038
11.4281 0 0 0 138.035 68.9315 112.841 0.170703 54.9417 18.1343 25.9107 70.1773 116.491 130.787 21.0957 66.4239
177.282 125.874 71.1657 138.035 0 57.8999 0.0450001 69.6229 145.658 161.734 168.769 57.8084 25.8689 0.53375 156.442 159.62
99.2921 46.7938 96.4254 68.9315 57.8999 0 44.5929 43.2504 130.907 111.383 127.39 59.9323 70.0221 88.6862 107.736 135.643
154.067 98.8766 55.3281 112.841 0.0450001 44.5929 0 57.2762 141.321 146.984 154.173 56.3284 0 0 141.922 152.011
21.461 0.170703 0 0.170703 69.6229 43.2504 57.2762 0 33.2878 65.9016 67.2948 61.2183 57.4321 65.3761 60.9039 42.7599
43.1392 73.3013 34.9075 54.9417 145.658 130.907 141.321 33.2878 0 47.063 40.8742 53.048 142.367 145.058 33.1193 0
65.9807 39.7246 64.3232 18.1343 161.734 111.383 146.984 65.9016 47.063 0 1.00826 75.9295 148.837 160.049 0 47.1424
7.58015 47.7995 66.8607 25.9107 168.769 127.39 154.173 67.2948 40.8742 1.00826 0 76.5872 151.028 162.276 0 41.0995
96.8577 73.6573 8.40871 70.1773 57.8084 59.9323 56.3284 61.2183 53.048 75.9295 76.5872 0 54.6428 56.023 101.395 51.5856
161.684 102.595 57.7559 116.491 25.8689 70.0221 0 57.4321 142.367 148.837 151.028 54.6428 0 19.0074 141.125 153.335
172.777 118.425 65.6606 130.787 0.53375 88.6862 0 65.3761 145.058 160.049 162.276 56.023 19.0074 0 152.995 159.779
26.0733 39.5476 7.42687 21.0957 156.442 107.736 141.922 60.9039 33.1193 0 0 101.395 141.125 152.995 0 44.9501
49.491 84.3443 43.1038 66.4239 159.62 135.643 152.011 42.7599 0 47.1424 41.0995 51.5856 153.335 159.779 44.9501 0
