16
1 36 7 bed_frame
2 39 5 rug
3 41 45 air_conditioner
4 46 35 curtain
5 59 13 painting
6 33 119 nightstand
7 16 8 pillow
8 17 8 pillow
9 18 28 blanket
10 19 6 mattress
11 11 10 table_lamp
12 61 123 shelves
13 24 32 window_set
14 60 33 photo_frame
15 31 119 nightstand
16 10 10 table_lamp
0 0 87.7452 108.412 56.2759 0.0209303 3.35158 50.699 0 0 0.50248 107.557 118.448 71.4436 0 73.9723
0 0 73.4632 45.5625 20.4737 0 84.5849 96.9126 16.9593 7.27113 74.2397 45.3039 50.3049 121.974 0 71.693
87.7452 73.4632 0 121.811 46.0035 0 126.879 123.353 91.1417 90.2851 133.128 144.247 129.436 133.71 0 177.96
108.412 45.5625 121.811 0 66.5359 0 68.9725 81.3519 40.5351 46.071 118.769 25.5893 5.48601 114.801 0 18.4768
56.2759 20.4737 46.0035 66.5359 0 136.616 88.6034 102.03 66.6305 60.5466 131.551 91.8414 112.506 126.411 123.921 146.867
0.0209303 0 0 0 136.616 0 31.8649 42.5118 54.6903 9.71109 89.1414 102.217 28.5802 82.6559 0 0
3.35158 84.5849 126.879 68.9725 88.6034 31.8649 0 0 0.212576 0 46.1511 88.1764 61.8788 38.966 0 40.8717
50.699 96.9126 123.353 81.3519 102.03 42.5118 0 0 13.4979 0.202594 27.1709 113.865 80.5556 20.7373 0 50.9482
0 16.9593 91.1417 40.5351 66.6305 54.6903 0.212576 13.4979 0 0 44.907 54.5214 40.2385 49.0741 0 44.2882
0 7.27113 90.2851 46.071 60.5466 9.71109 0 0.202594 0 0 15.9223 52.7514 51.4435 10.2412 0 18.4263
0.50248 74.2397 133.128 118.769 131.551 89.1414 46.1511 27.1709 44.907 15.9223 0 162.584 128.049 8.57363 0 96.3928
107.557 45.3039 144.247 25.5893 91.8414 102.217 88.1764 113.865 54.5214 52.7514 162.584 0 38.1719 172.017 0 123.631
118.448 50.3049 129.436 5.48601 112.506 28.5802 61.8788 80.5556 40.2385 51.4435 128.049 38.1719 0 123.659 118.213 25.7458
71.4436 121.974 133.71 114.801 126.411 82.6559 38.966 20.7373 49.0741 10.2412 8.57363 172.017 123.659 0 0 95.0321
0 0 0 0 123.921 0 0 0 0 0 0 0 118.213 0 0 109.784
73.9723 71.693 177.96 18.4768 146.867 0 40.8717 50.9482 44.2882 18.4263 96.3928 123.631 25.7458 95.0321 109.784 0
