17
1 22 3 cabinet
2 37 14 mirror
3 33 3 cabinet
4 195 8 pillow
5 78 6 mattress
6 79 28 blanket
7 30 119 nightstand
8 21 119 nightstand
9 194 8 pillow
10 111 6 mattress
11 6 28 blanket
12 121 8 pillow
13 122 8 pillow
14 0 120 closet
15 27 3 cabinet
16 68 7 bed_frame
17 15 7 bed_frame
0 0 0 81.2323 53.163 33.3716 52.3799 124.401 103.724 168.335 145.423 186.594 217.926 243.118 0 33.9157 146.433
0 0 61.6502 111.278 72.405 78.179 109.286 168.228 129.334 175.559 171.667 208.94 235.262 263.831 0 67.2854 168.11
0 61.6502 0 60.3036 54.824 35.0816 0 114.554 90.6276 169.996 149.427 178.79 209.033 246.381 109.258 36.3085 148.942
81.2323 111.278 60.3036 0 0 0 16.191 39.0542 0 77.0637 74.0781 85.0974 116.12 171.281 103.116 0.0844772 76.0208
53.163 72.405 54.824 0 0 0 8.18668 6.14949 0 114.049 111.476 122.85 152.811 208.906 111.638 0 111.261
33.3716 78.179 35.0816 0 0 0 5.57049 0 0 37.5615 33.2641 47.2255 78.4632 130.739 55.1755 0.352361 35.9429
52.3799 109.286 0 16.191 8.18668 5.57049 0 83.6438 43.2411 122.068 119.399 130.235 160.379 216.764 93.4818 6.86481 118.989
124.401 168.228 114.554 39.0542 6.14949 0 83.6438 0 12.2536 16.7326 12.4626 25.1545 53.469 110.434 146.051 5.20822 12.9469
103.724 129.334 90.6276 0 0 0 43.2411 12.2536 0 49.0052 46.1612 56.9278 88.2208 143.027 116.748 0.143421 47.9
168.335 175.559 169.996 77.0637 114.049 37.5615 122.068 16.7326 49.0052 0 0.903323 1.7669 1.2608 29.1709 218.746 42.8546 0
145.423 171.667 149.427 74.0781 111.476 33.2641 119.399 12.4626 46.1612 0.903323 0 0.249292 0 21.8672 154.076 38.1285 0.434896
186.594 208.94 178.79 85.0974 122.85 47.2255 130.235 25.1545 56.9278 1.7669 0.249292 0 6.40633 61.6838 186.71 50.8059 0.757004
217.926 235.262 209.033 116.12 152.811 78.4632 160.379 53.469 88.2208 1.2608 0 6.40633 0 33.3708 214.318 79.7903 7.06799
243.118 263.831 246.381 171.281 208.906 130.739 216.764 110.434 143.027 29.1709 21.8672 61.6838 33.3708 0 246.418 135.048 0
0 0 109.258 103.116 111.638 55.1755 93.4818 146.051 116.748 218.746 154.076 186.71 214.318 246.418 0 52.3465 150.356
33.9157 67.2854 36.3085 0.0844772 0 0.352361 6.86481 5.20822 0.143421 42.8546 38.1285 50.8059 79.7903 135.048 52.3465 0 38.3253
146.433 168.11 148.942 76.0208 111.261 35.9429 118.989 12.9469 47.9 0 0.434896 0.757004 7.06799 0 150.356 38.3253 0
