22
1 8 33 photo_frame
2 12 37 bed
3 9 131 console_table
4 3 33 photo_frame
5 0 9 telephone
6 22 39 door
7 27 8 pillow
8 122 13 painting
9 29 8 pillow
10 76 36 on-wall_shelf
11 31 8 pillow
12 112 18 chair
13 98 16 vase
14 36 32 window_set
15 37 32 window_set
16 38 32 window_set
17 11 120 closet
18 77 36 on-wall_shelf
19 78 36 on-wall_shelf
20 81 24 book_array
21 10 120 closet
22 2 33 photo_frame
0 63.9295 152.412 17.292 174.95 59.8033 88.9785 176.962 106.099 0 73.725 174.083 12.7663 63.4498 167.872 139.499 26.1188 21.7071 11.3801 13.1995 137.995 27.3828
63.9295 0 105.044 43.4629 49.15 55.6216 0.316359 77.2156 0 52.4535 0 48.522 76.9305 46.8408 50.1688 11.1763 37.776 41.2104 83.446 64.2656 91.7387 52.9198
152.412 105.044 0 158.31 0 102.783 61.9191 37.4095 46.6719 158.293 79.439 29.0149 170.219 119.208 22.1105 83.4284 141.582 154.962 158.465 164.876 78.327 159.699
17.292 43.4629 158.31 0 163.137 79.6386 63.4887 178.231 82.6775 6.47775 46.5986 161.253 32.2714 44.1676 152.519 122.077 44.3505 0 21.1143 23.8239 144.338 24.1806
174.95 49.15 0 163.137 0 120.052 108.364 41.8994 98.272 164.456 119.535 18.5013 177.52 110.923 6.57926 69.7949 153.32 160.888 161.409 170.763 95.557 163.522
59.8033 55.6216 102.783 79.6386 120.052 0 121.027 68.4532 132.889 69.7251 143.21 108.868 65.4037 124.372 122.825 172.75 24.5953 88.3702 58.7669 136.764 23.5835 151.765
88.9785 0.316359 61.9191 63.4887 108.364 121.027 0 147.386 0 72.8958 0 119.485 98.0715 18.4634 84.0433 36.3225 103.863 61.4323 67.2195 85.4493 144.142 72.7027
176.962 77.2156 37.4095 178.231 41.8994 68.4532 147.386 0 161.606 177.181 166.457 65.5363 180.505 175.321 71.7452 148.003 154.076 177.02 175.751 178.16 58.7586 176.118
106.099 0 46.6719 82.6775 98.272 132.889 0 161.606 0 89.6517 17.8615 121.242 113.422 15.3191 61.2434 15.0652 108.937 79.8096 82.0118 100.973 140.136 87.3835
0 52.4535 158.293 6.47775 164.456 69.7251 72.8958 177.181 89.6517 0 74.3689 169.089 17.5891 71.584 169.432 144.148 18.536 22.4624 15.4194 18.599 135.951 38.1727
73.725 0 79.439 46.5986 119.535 143.21 0 166.457 17.8615 74.3689 0 124.799 86.5252 15.3191 102.795 56.0228 85.864 48.1511 57.8309 74.1303 140.814 63.003
174.083 48.522 29.0149 161.253 18.5013 108.868 119.485 65.5363 121.242 169.089 124.799 0 176.79 132.377 16.5119 86.8263 139.197 158.455 177.843 184.274 61.5836 179.184
12.7663 76.9305 170.219 32.2714 177.52 65.4037 98.0715 180.505 113.422 17.5891 86.5252 176.79 0 64.703 165.73 138.601 22.0229 39.6005 0 0 137.148 27.5706
63.4498 46.8408 119.208 44.1676 110.923 124.372 18.4634 175.321 15.3191 71.584 15.3191 132.377 64.703 0 67.4043 14.9396 91.077 106.485 95.0027 119.646 164.45 102.059
167.872 50.1688 22.1105 152.519 6.57926 122.825 84.0433 71.7452 61.2434 169.432 102.795 16.5119 165.73 67.4043 0 86.5278 163.24 176.955 170.057 178.14 90.809 171.679
139.499 11.1763 83.4284 122.077 69.7949 172.75 36.3225 148.003 15.0652 144.148 56.0228 86.8263 138.601 14.9396 86.5278 0 162.789 124.301 126.944 148.45 151.551 132.66
26.1188 37.776 141.582 44.3505 153.32 24.5953 103.863 154.076 108.937 18.536 85.864 139.197 22.0229 91.077 163.24 162.789 0 39.1117 73.5085 79.4594 102.076 91.9473
21.7071 41.2104 154.962 0 160.888 88.3702 61.4323 177.02 79.8096 22.4624 48.1511 158.455 39.6005 106.485 176.955 124.301 39.1117 0 29.8954 31.6666 139.435 37.1799
11.3801 83.446 158.465 21.1143 161.409 58.7669 67.2195 175.751 82.0118 15.4194 57.8309 177.843 0 95.0027 170.057 126.944 73.5085 29.8954 0 0 134.505 0
13.1995 64.2656 164.876 23.8239 170.763 136.764 85.4493 178.16 100.973 18.599 74.1303 184.274 0 119.646 178.14 148.45 79.4594 31.6666 0 0 150.135 12.0466
137.995 91.7387 78.327 144.338 95.557 23.5835 144.142 58.7586 140.136 135.951 140.814 61.5836 137.148 164.45 90.809 151.551 102.076 139.435 134.505 150.135 0 164.823
27.3828 52.9198 159.699 24.1806 163.522 151.765 72.7027 176.118 87.3835 38.1727 63.003 179.184 27.5706 102.059 171.679 132.66 91.9473 37.1799 0 12.0466 164.823 0
