24
1 7 32 window_set
2 60 3 cabinet
3 20 24 book_array
4 22 24 book_array
5 26 12 plant
6 32 24 book_array
7 34 24 book_array
8 38 24 book_array
9 42 24 book_array
10 28 123 shelves
11 19 35 curtain
12 51 5 rug
13 52 55 cell_phone
14 55 55 cell_phone
15 56 106 tv
16 57 16 vase
17 156 24 book_array
18 16 119 nightstand
19 15 119 nightstand
20 134 8 pillow
21 138 8 pillow
22 144 39 door
23 12 7 bed_frame
24 124 6 mattress
0 12.4905 109.492 115.181 120.848 116.659 112.116 111.052 121.094 111.416 0.231113 81.1398 33.9743 35.4945 79.3441 116.086 110.988 25.1356 103.107 73.9986 40.8256 100.085 78.0746 71.5436
12.4905 0 40.8493 62.2262 69.4279 61.4206 48.2194 47.4598 36.5128 31.6101 0.219902 3.06328 89.0301 85.5107 0 62.1882 48.3927 82.5158 94.2689 88.1286 87.3905 48.6531 20.3152 22.6779
109.492 40.8493 0 13.207 19.4026 23.3738 13.115 24.0491 0.857616 0 98.6274 30.6621 103.952 96.2722 46.5934 16.3184 0 87.8276 37.5481 46.0249 62.7519 14.1895 25.8478 21.1003
115.181 62.2262 13.207 0 1.45 32.3202 26.7929 21.7922 24.7398 0.249976 98.3939 44.4459 98.1798 91.5695 63.1274 18.1822 6.71706 83.4333 28.3163 35.9002 55.1919 32.5423 31.3899 30.5749
120.848 69.4279 19.4026 1.45 0 37.1233 32.588 20.9695 32.0651 0 99.0561 49.3187 103.762 97.0871 70.0127 22.9778 14.0676 88.0222 35.607 43.5803 61.7351 32.2022 38.9887 36.104
116.659 61.4206 23.3738 32.3202 37.1233 0 3.42516 49.8903 21.5654 0.308955 95.9112 8.77649 94.3581 87.4519 65.4297 10.7104 22.211 79.224 10.8336 27.9779 50.5145 32.464 13.3928 15.5336
112.116 48.2194 13.115 26.7929 32.588 3.42516 0 48.4312 13.6229 0 96.2383 6.89758 99.279 91.7283 56.0948 9.17065 12.9765 83.2473 25.6151 37.6781 56.7002 21.5502 13.8233 15.959
111.052 47.4598 24.0491 21.7922 20.9695 49.8903 48.4312 0 0 0 97.1399 54.7815 112.347 105.039 43.3474 36.8454 16.4865 97.2687 57.3342 62.2334 75.3319 10.6299 47.4561 39.4899
121.094 36.5128 0.857616 24.7398 32.0651 21.5654 13.6229 0 0 0 96.808 18.7818 105.528 97.7088 42.9838 23.206 8.70552 89.1467 42.1088 51.1796 66.582 10.6299 16.0264 15.1964
111.416 31.6101 0 0.249976 0 0.308955 0 0 0 0 98.4047 0.7227 99.4408 92.635 38.9016 0.5844 0 83.1502 26.2087 26.2227 49.7295 0.629898 35.8581 16.2685
0.231113 0.219902 98.6274 98.3939 99.0561 95.9112 96.2383 97.1399 96.808 98.4047 0 1.81577 10.1989 11.716 45.1361 103.401 104.586 0 90.364 59.4321 31.1577 90.0522 17.572 30.3625
81.1398 3.06328 30.6621 44.4459 49.3187 8.77649 6.89758 54.7815 18.7818 0.7227 1.81577 0 17.1181 17.6793 91.4782 101.972 105.537 2.66546 2.85962 57.4447 32.5689 0.0820803 0.0893056 26.3368
33.9743 89.0301 103.952 98.1798 103.762 94.3581 99.279 112.347 105.528 99.4408 10.1989 17.1181 0 1.49552 91.6442 96.9065 100.493 0 79.8462 49.4413 21.7934 110.718 15.532 17.5099
35.4945 85.5107 96.2722 91.5695 97.0871 87.4519 91.7283 105.039 97.7088 92.635 11.716 17.6793 1.49552 0 86.4224 88.6576 91.7332 0 72.481 41.6501 13.6063 100.799 10.2815 10.174
79.3441 0 46.5934 63.1274 70.0127 65.4297 56.0948 43.3474 42.9838 38.9016 45.1361 91.4782 91.6442 86.4224 0 65.4536 52.99 86.7352 97.1744 81.8177 81.6225 19.355 23.9539 24.8834
116.086 62.1882 16.3184 18.1822 22.9778 10.7104 9.17065 36.8454 23.206 0.5844 103.401 101.972 96.9065 88.6576 65.4536 0 13.0244 80.9222 12.8502 28.6464 51.0411 35.8352 17.9079 17.1105
110.988 48.3927 0 6.71706 14.0676 22.211 12.9765 16.4865 8.70552 0 104.586 105.537 100.493 91.7332 52.99 13.0244 0 83.2972 27.4332 39.0761 57.2999 22.351 25.6678 20.5118
25.1356 82.5158 87.8276 83.4333 88.0222 79.224 83.2473 97.2687 89.1467 83.1502 0 2.66546 0 0 86.7352 80.9222 83.2972 0 83.5522 52.7241 24.557 106.729 0 21.2097
103.107 94.2689 37.5481 28.3163 35.607 10.8336 25.6151 57.3342 42.1088 26.2087 90.364 2.85962 79.8462 72.481 97.1744 12.8502 27.4332 83.5522 0 26.4919 51.8969 67.5826 0 4.52794
73.9986 88.1286 46.0249 35.9002 43.5803 27.9779 37.6781 62.2334 51.1796 26.2227 59.4321 57.4447 49.4413 41.6501 81.8177 28.6464 39.0761 52.7241 26.4919 0 2.67143 72.0568 0.36657 0.401001
40.8256 87.3905 62.7519 55.1919 61.7351 50.5145 56.7002 75.3319 66.582 49.7295 31.1577 32.5689 21.7934 13.6063 81.6225 51.0411 57.2999 24.557 51.8969 2.67143 0 77.6187 0.14161 0.569601
100.085 48.6531 14.1895 32.5423 32.2022 32.464 21.5502 10.6299 10.6299 0.629898 90.0522 0.0820803 110.718 100.799 19.355 35.8352 22.351 106.729 67.5826 72.0568 77.6187 0 3.13166 6.28921
78.0746 20.3152 25.8478 31.3899 38.9887 13.3928 13.8233 47.4561 16.0264 35.8581 17.572 0.0893056 15.532 10.2815 23.9539 17.9079 25.6678 0 0 0.36657 0.14161 3.13166 0 0
71.5436 22.6779 21.1003 30.5749 36.104 15.5336 15.959 39.4899 15.1964 16.2685 30.3625 26.3368 17.5099 10.174 24.8834 17.1105 20.5118 21.2097 4.52794 0.401001 0.569601 6.28921 0 0
