17
1 159 17 ottoman
2 32 17 ottoman
3 26 16 vase
4 29 16 vase
5 151 18 chair
6 80 6 mattress
7 100 8 pillow
8 102 28 blanket
9 104 8 pillow
10 106 8 pillow
11 108 8 pillow
12 110 8 pillow
13 8 12 plant
14 20 12 plant
15 86 119 nightstand
16 88 119 nightstand
17 52 7 bed_frame
0 42.0175 113.111 108.197 8.86719 36.5129 130.31 31.5888 109.356 111.517 127.029 99.0175 91.486 178.424 168.025 104.975 32.2138
42.0175 0 123.256 123.582 83.8834 5.12324 93.3716 10.8132 93.1841 79.5057 79.5261 81.2093 134.66 107.208 99.3627 114.574 4.84619
113.111 123.256 0 0 138.825 11.912 57.1894 50.4685 15.9912 46.3783 69.0004 24.7272 43.4757 114.852 106.316 0.1749 11.4275
108.197 123.582 0 0 132.989 18.3801 64.287 47.6063 23.0735 52.574 75.4251 30.1416 37.2638 121.93 113.146 0.1749 19.455
8.86719 83.8834 138.825 132.989 0 71.8837 163.887 66.7474 140.092 145.05 162.157 131.196 103.739 213.555 203.263 127.344 64.0771
36.5129 5.12324 11.912 18.3801 71.8837 0 0 0 0 0 0 0 59.4881 15.6936 3.67999 5.99699 0
130.31 93.3716 57.1894 64.287 163.887 0 0 35.3996 0 0 0 12.6928 102.266 19.2466 11.433 53.3788 0.988899
31.5888 10.8132 50.4685 47.6063 66.7474 0 35.3996 0 37.4259 22.8258 23.8306 27.5092 53.0283 38.6458 32.8619 44.3427 0
109.356 93.1841 15.9912 23.0735 140.092 0 0 37.4259 0 0 14.2781 0 63.8485 60.6039 51.7108 12.2451 0.988899
111.517 79.5057 46.3783 52.574 145.05 0 0 22.8258 0 0 0 0.371098 89.0373 48.144 38.6036 41.5273 13.5887
127.029 79.5261 69.0004 75.4251 162.157 0 0 23.8306 14.2781 0 0 23.0492 111.014 25.9083 15.9419 64.827 12.5958
99.0175 81.2093 24.7272 30.1416 131.196 0 12.6928 27.5092 0 0.371098 23.0492 0 67.0831 70.4861 61.1471 19.0368 10.8171
91.486 134.66 43.4757 37.2638 103.739 59.4881 102.266 53.0283 63.8485 89.0373 111.014 67.0831 0 160.382 147.694 24.7188 38.8956
178.424 107.208 114.852 121.93 213.555 15.6936 19.2466 38.6458 60.6039 48.144 25.9083 70.4861 160.382 0 0 110.903 21.4097
168.025 99.3627 106.316 113.146 203.263 3.67999 11.433 32.8619 51.7108 38.6036 15.9419 61.1471 147.694 0 0 104.178 0
104.975 114.574 0.1749 0.1749 127.344 5.99699 53.3788 44.3427 12.2451 41.5273 64.827 19.0368 24.7188 110.903 104.178 0 0
32.2138 4.84619 11.4275 19.455 64.0771 0 0.988899 0 0.988899 13.5887 12.5958 10.8171 38.8956 21.4097 0 0 0
