14
1 11 7 bed_frame
2 12 44 desk
3 2 17 ottoman
4 3 18 chair
5 15 8 pillow
6 17 6 mattress
7 19 8 pillow
8 10 18 chair
9 0 39 door
10 9 120 closet
11 8 119 nightstand
12 7 19 floor_lamp
13 45 10 table_lamp
14 6 120 closet
0 92.5675 92.3989 80.4971 60.3101 0 0.789585 80.4709 90.1239 49.5283 4.94532 99.5781 90.4256 101.937
92.5675 0 142.794 152.314 84.5539 50.9705 70.7124 11.2116 106.324 0 119.319 13.2751 112.161 0
92.3989 142.794 0 13.653 135.496 77.5296 145.2 135.387 128.3 108.358 132.067 182.129 140.522 103.12
80.4971 152.314 13.653 0 128.684 71.4678 138.822 118.703 88.7997 67.9298 129.547 164.718 136.789 62.4191
60.3101 84.5539 135.496 128.684 0 0 0.308042 51.2345 145.726 82.7654 16.066 70.5273 21.6522 166.832
0 50.9705 77.5296 71.4678 0 0 0 43.9047 90.8781 49.8311 5.56592 90.5107 70.2924 102.073
0.789585 70.7124 145.2 138.822 0.308042 0 0 51.0409 147.184 83.5272 16.0453 66.7206 18.1741 169.671
80.4709 11.2116 135.387 118.703 51.2345 43.9047 51.0409 0 100.28 34.4686 80.933 39.2022 88.0989 115.902
90.1239 106.324 128.3 88.7997 145.726 90.8781 147.184 100.28 0 16.4886 178.876 154.79 207.199 25.2627
49.5283 0 108.358 67.9298 82.7654 49.8311 83.5272 34.4686 16.4886 0 121.817 57.1763 140.813 0
4.94532 119.319 132.067 129.547 16.066 5.56592 16.0453 80.933 178.876 121.817 0 105.888 0 175.225
99.5781 13.2751 182.129 164.718 70.5273 90.5107 66.7206 39.2022 154.79 57.1763 105.888 0 113.898 151.217
90.4256 112.161 140.522 136.789 21.6522 70.2924 18.1741 88.0989 207.199 140.813 0 113.898 0 186.914
101.937 0 103.12 62.4191 166.832 102.073 169.671 115.902 25.2627 0 175.225 151.217 186.914 0
