22
1 119 12 plant
2 8 32 window_set
3 7 35 curtain
4 54 28 blanket
5 56 8 pillow
6 59 8 pillow
7 61 8 pillow
8 62 8 pillow
9 138 131 console_table
10 148 13 painting
11 0 120 closet
12 3 18 chair
13 2 18 chair
14 107 8 pillow
15 108 8 pillow
16 109 8 pillow
17 110 39 door
18 63 37 bed
19 116 8 pillow
20 117 8 pillow
21 118 8 pillow
22 13 99 table
0 141.306 138.019 59.1825 130.834 128.787 120.111 120.199 0 16.2014 132.634 80.7971 134.749 109.982 86.78 85.4882 28.6739 53.3149 140.954 159.837 152.218 109.624
141.306 0 0 101.429 131.227 154.195 134.453 151.963 127.938 132.252 220.778 34.0762 54.9817 37.5612 59.0958 49.7978 204.9 115.06 72.1176 58.8508 71.4252 28.1534
138.019 0 0 97.2304 131.112 153.871 135.243 152.329 123.349 128.816 206.134 37.3028 51.6566 37.9654 56.0434 50.4548 201.624 100.318 68.0386 55.0097 67.6379 28.0017
59.1825 101.429 97.2304 0 72.094 62.0631 63.2261 70.3163 56.879 77.8802 49.2566 51.5018 44.8999 81.1149 59.2689 64.4608 65.0578 0 51.8154 74.8747 56.0169 54.8907
130.834 131.227 131.112 72.094 0 0 0.37554 5.43428 124.923 142.587 61.5476 112.488 54.6263 135.417 118.581 128.482 144.158 0 61.6747 83.8583 60.4854 85.1977
128.787 154.195 153.871 62.0631 0 0 6.6023 0.266024 123.092 140.8 33.7064 127.197 82.3705 154.375 133.477 142.511 133.711 0 88.4667 111.305 88.1644 107.575
120.111 134.453 135.243 63.2261 0.37554 6.6023 0 0 115.126 134.807 64.8442 110.597 66.6831 136.911 116.794 126.227 136.549 0.652705 71.6132 95.3125 72.6045 89.7221
120.199 151.963 152.329 70.3163 5.43428 0.266024 0 0 115.126 134.807 45.7431 123.521 86.2999 151.531 129.765 138.529 129.052 0.56712 91.2332 114.933 92.1236 107.291
0 127.938 123.349 56.879 124.923 123.092 115.126 115.126 0 44.6513 128.486 66.1077 121.064 95.0008 72.7477 72.2187 19.5632 52.1275 126.416 144.77 138.099 89.1537
16.2014 132.252 128.816 77.8802 142.587 140.8 134.807 134.807 44.6513 0 141.5 76.6845 137.509 103.112 84.1133 79.2927 13.9 59.3877 142.442 158.784 154.515 111.485
132.634 220.778 206.134 49.2566 61.5476 33.7064 64.8442 45.7431 128.486 141.5 0 191.313 176.213 219.807 195.916 205.386 136.176 28.6177 166.652 190.853 167.42 185.403
80.7971 34.0762 37.3028 51.5018 112.488 127.197 110.597 123.521 66.1077 76.6845 191.313 0 75.0563 0.692706 0 0 148.625 62.3881 81.7328 77.2124 89.8344 26.2225
134.749 54.9817 51.6566 44.8999 54.6263 82.3705 66.6831 86.2999 121.064 137.509 176.213 75.0563 0 76.2829 81.7067 90.3685 180.876 44.5921 0.798584 0 0 24.4601
109.982 37.5612 37.9654 81.1149 135.417 154.375 136.911 151.531 95.0008 103.112 219.807 0.692706 76.2829 0 13.1897 0.75868 172.255 88.4438 82.9532 78.3814 90.8524 27.2748
86.78 59.0958 56.0434 59.2689 118.581 133.477 116.794 129.765 72.7477 84.1133 195.916 0 81.7067 13.1897 0 0.0211929 151.322 63.8824 78.3395 83.858 92.3991 29.2794
85.4882 49.7978 50.4548 64.4608 128.482 142.511 126.227 138.529 72.2187 79.2927 205.386 0 90.3685 0.75868 0.0211929 0 150.126 73.4014 93.6447 102.526 107.581 43.9325
28.6739 204.9 201.624 65.0578 144.158 133.711 136.549 129.052 19.5632 13.9 136.176 148.625 180.876 172.255 151.322 150.126 0 67.5349 193.39 216.558 197.681 174.959
53.3149 115.06 100.318 0 0 0 0.652705 0.56712 52.1275 59.3877 28.6177 62.3881 44.5921 88.4438 63.8824 73.4014 67.5349 0 53.3529 73.5675 50.8401 63.2034
140.954 72.1176 68.0386 51.8154 61.6747 88.4667 71.6132 91.2332 126.416 142.442 166.652 81.7328 0.798584 82.9532 78.3395 93.6447 193.39 53.3529 0 11.7146 0.634457 27.5208
159.837 58.8508 55.0097 74.8747 83.8583 111.305 95.3125 114.933 144.77 158.784 190.853 77.2124 0 78.3814 83.858 102.526 216.558 73.5675 11.7146 0 0.0211929 30.8377
152.218 71.4252 67.6379 56.0169 60.4854 88.1644 72.6045 92.1236 138.099 154.515 167.42 89.8344 0 90.8524 92.3991 107.581 197.681 50.8401 0.634457 0.0211929 0 39.1372
109.624 28.1534 28.0017 54.8907 85.1977 107.575 89.7221 107.291 89.1537 111.485 185.403 26.2225 24.4601 27.2748 29.2794 43.9325 174.959 63.2034 27.5208 30.8377 39.1372 0
