20
1 8 8 pillow
2 9 8 pillow
3 15 131 console_table
4 3 7 bed_frame
5 80 39 door
6 79 6 mattress
7 22 119 nightstand
8 24 120 closet
9 10 3 cabinet
10 32 119 nightstand
11 0 99 table
12 38 44 desk
13 42 32 window_set
14 43 32 window_set
15 45 19 floor_lamp
16 50 5 rug
17 52 18 chair
18 56 10 table_lamp
19 59 10 table_lamp
20 62 46 couch
0 1.5119 148.119 7.8844 190.461 0 11.3318 124.85 142.486 34.7297 76.9739 59.5515 27.7537 45.0986 115.749 72.4789 152.963 154.049 15.5288 94.0595
1.5119 0 147.671 7.8844 168.202 0 42.7542 95.1229 116.311 5.45242 89.003 91.726 52.5333 28.7691 86.7059 72.56 142.403 129.528 45.3892 121.564
148.119 147.671 0 88.3037 94.2297 91.6604 156.513 112.977 93.8887 0 48.5409 177.179 176.993 173.202 163.642 21.5202 16.6874 119.643 158.817 98.8289
7.8844 7.8844 88.3037 0 128.299 0 0 91.1554 92.703 1.397 73.767 132.617 111.527 83.6629 106.843 26.2175 83.2686 103.533 8.57148 130.02
190.461 168.202 94.2297 128.299 0 151.082 241.229 93.9416 62.712 186.104 187.129 282.133 259.006 179.451 159.608 101.534 57.3013 74.0022 248.838 245.156
0 0 91.6604 0 151.082 0 3.8662 90.008 94.0435 3.977 91.5111 52.1772 81.0353 30.6621 103.946 19.2354 86.567 107.87 9.41799 68.1478
11.3318 42.7542 156.513 0 241.229 3.8662 0 172.729 188.075 69.5077 0 31.6978 24.9435 91.5101 150.583 77.1962 182.326 198.762 0.4645 81.3631
124.85 95.1229 112.977 91.1554 93.9416 90.008 172.729 0 0 71.3717 168.383 229.215 191.195 44.9096 18.0933 96.8164 135.917 58.4171 182.418 228.879
142.486 116.311 93.8887 92.703 62.712 94.0435 188.075 0 0 119.45 167.161 222.334 188.834 84.0385 59.9782 77.4434 74.2744 0 178.01 226.357
34.7297 5.45242 0 1.397 186.104 3.977 69.5077 71.3717 119.45 0 110.661 134.169 82.8586 25.0238 67.5664 77.2426 143.728 126.759 71.945 149.826
76.9739 89.003 48.5409 73.767 187.129 91.5111 0 168.383 167.161 110.661 0 93.3442 101.747 128.734 203.399 0 136.511 179.197 81.8768 29.2282
59.5515 91.726 177.179 132.617 282.133 52.1772 31.6978 229.215 222.334 134.169 93.3442 0 21.8278 123.678 212.813 90.7532 218.718 229.038 47.7525 67.7004
27.7537 52.5333 176.993 111.527 259.006 81.0353 24.9435 191.195 188.834 82.8586 101.747 21.8278 0 82.817 159.437 103.044 199.485 199.328 2.01766 88.9639
45.0986 28.7691 173.202 83.6629 179.451 30.6621 91.5101 44.9096 84.0385 25.0238 128.734 123.678 82.817 0 28.9835 106.118 156.682 97.7237 76.5414 165.038
115.749 86.7059 163.642 106.843 159.608 103.946 150.583 18.0933 59.9782 67.5664 203.399 212.813 159.437 28.9835 0 128.542 137.017 77.9731 159.229 226.961
72.4789 72.56 21.5202 26.2175 101.534 19.2354 77.1962 96.8164 77.4434 77.2426 0 90.7532 103.044 106.118 128.542 0 67.2619 98.7538 134.047 54.2295
152.963 142.403 16.6874 83.2686 57.3013 86.567 182.326 135.917 74.2744 143.728 136.511 218.718 199.485 156.682 137.017 67.2619 0 80.3157 188.308 166.097
154.049 129.528 119.643 103.533 74.0022 107.87 198.762 58.4171 0 126.759 179.197 229.038 199.328 97.7237 77.9731 98.7538 80.3157 0 186.288 232.811
15.5288 45.3892 158.817 8.57148 248.838 9.41799 0.4645 182.418 178.01 71.945 81.8768 47.7525 2.01766 76.5414 159.229 134.047 188.308 186.288 0 86.4531
94.0595 121.564 98.8289 130.02 245.156 68.1478 81.3631 228.879 226.357 149.826 29.2282 67.7004 88.9639 165.038 226.961 54.2295 166.097 232.811 86.4531 0
