36
1 29 119 nightstand
2 28 119 nightstand
3 17 10 table_lamp
4 19 10 table_lamp
5 24 3 cabinet
6 23 3 cabinet
7 30 37 bed
8 56 17 ottoman
9 22 32 window_set
10 21 32 window_set
11 15 32 window_set
12 14 32 window_set
13 0 18 chair
14 45 8 pillow
15 13 52 fireplace
16 48 5 rug
17 49 14 mirror
18 50 14 mirror
19 12 123 shelves
20 52 8 pillow
21 54 8 pillow
22 10 19 floor_lamp
23 9 13 painting
24 8 131 console_table
25 33 12 plant
26 4 39 door
27 3 39 door
28 5 39 door
29 7 39 door
30 85 48 human
31 55 12 plant
32 142 12 plant
33 86 12 plant
34 192 8 pillow
35 193 8 pillow
36 194 8 pillow
0 125.908 0 128.33 129.443 227.176 31.3561 73.109 137.12 0.561005 94.8287 208.27 56.9087 83.1269 193.121 33.3471 156.788 253.314 41.3098 119.68 124.778 78.9806 247.68 224.277 99.1754 292.407 275.38 242.602 245.403 224.924 194.2 208.407 266.975 88.1718 61.3374 34.7988
125.908 0 105.817 0 223.481 138.516 14.1759 73.9773 3.4373 105.905 222.207 289.113 183.926 116.529 66.0382 33.1682 254.47 159.995 168.002 81.1804 80.2452 203.005 242.197 221.1 208.651 245.186 242.969 261.005 293.64 283.299 265.44 110.858 199.462 16.551 41.696 68.3841
0 105.817 0 103.404 138.82 213.038 9.06308 76.8468 118.719 4.92199 108.562 216.326 72.5253 85.4662 172.868 49.2842 165.866 237.736 54.2277 111.365 115.66 88.0335 249.081 229.631 113.821 287.521 272.832 244.663 249.643 229.069 202.415 194.418 259.327 65.2392 38.579 13.4471
128.33 0 103.404 0 228.014 138.514 17.3011 80.0569 0 107.449 223.913 294.075 186.522 123.552 62.4507 50.3252 258.187 157.631 166.278 88.602 86.3071 203.007 246.401 227.318 213.515 248.131 248.378 267.011 299.348 287.851 271.99 113.275 201.325 17.9917 43.3124 69.9895
129.443 223.481 138.82 228.014 0 259.088 157.784 133.023 295.253 203.593 124.487 29.3867 126.897 141.721 294.928 16.9635 31.4241 283.894 178.063 199.67 201.12 164.187 171.472 136.577 79.6338 262.915 231.415 111.892 72.6446 48.1803 20.0417 248.538 272.398 248.393 229.967 213.354
227.176 138.516 213.038 138.514 259.088 0 135.649 112.657 200.801 263.307 316.44 287.646 283.334 172.621 92.0217 17.4649 310.415 14.5549 297.582 132.007 121.617 321.174 122.533 83.0347 277.073 58.7503 65.138 171.959 238.044 251.95 253.727 64.0211 11.4915 199.978 212.028 226.72
31.3561 14.1759 9.06308 17.3011 157.784 135.649 0 4.86857 28.3721 9.17551 210.012 171.175 171.792 7.43552 82.1324 0 135.943 192.124 73.991 61.4656 106.886 192.543 255.549 151.011 202.431 217.553 199.192 172.292 186.087 169.887 148.513 152.927 197.23 0 0 0
73.109 73.9773 76.8468 80.0569 133.023 112.657 4.86857 0 100.37 123.56 122.302 164.318 86.2881 0 78.6772 0 131.472 103.119 102.975 0.685099 0 123.8 137.651 117.779 97.9796 150.936 169.832 139.345 180.893 166.395 142.165 64.9356 114.091 80.0501 81.7076 110.819
137.12 3.4373 118.719 0 295.253 200.801 28.3721 100.37 0 158.266 277.15 342.759 195.819 137.085 34.3237 54.9079 308.77 152.888 221.335 102.478 100.825 257.765 269.198 240.413 225.689 263.181 261.93 300.891 340.757 333.864 286.155 114.685 209.85 24.2922 51.0586 78.0917
0.561005 105.905 4.92199 107.449 203.593 263.307 9.17551 123.56 158.266 0 78.1244 221.304 44.5368 110.743 183.839 55.0313 163.295 247.008 19.738 150.196 155.235 62.4864 264.11 248.76 102.273 301.792 287.656 264.174 266.095 244.494 207.417 238.145 297.949 109.911 82.9651 56.0697
94.8287 222.207 108.562 223.913 124.487 316.44 210.012 122.302 277.15 78.1244 0 0 0 145.164 297.228 51.7584 74.9798 320.784 23.045 201.296 207.15 0 244.8 253.791 63.1868 324.823 299.092 215.539 195.443 170.844 177.931 293.467 339.031 182.604 155.571 128.487
208.27 289.113 216.326 294.075 29.3867 287.646 171.175 164.318 342.759 221.304 0 0 186.266 181.994 314.629 57.6678 22.2227 312.156 195.216 236.86 235.52 178.504 156.862 132.652 138.475 262.761 229.935 96.8893 29.6287 21.6955 27.8785 304.049 278.104 296.359 280.198 265.784
56.9087 183.926 72.5253 186.522 126.897 283.334 171.792 86.2881 195.819 44.5368 0 186.266 0 119.876 279.053 36.3061 79.7241 312.391 13.674 180.654 186.691 0.717514 242.442 214.208 25.3913 318.039 292.972 214.087 198.337 173.493 138.497 272.25 308.636 172.471 145.459 118.408
83.1269 116.529 85.4662 123.552 141.721 172.621 7.43552 0 137.085 110.743 145.164 181.994 119.876 0 155.081 26.9492 127.274 181.539 109.298 54.1311 59.7592 128.279 140.757 118.575 102.254 190.567 170.21 139.747 156.014 142.991 126.433 141.437 175.87 95.3438 82.1825 76.6941
193.121 66.0382 172.868 62.4507 294.928 92.0217 82.1324 78.6772 34.3237 183.839 297.228 314.629 279.053 155.081 0 29.9454 323.882 57.3277 256.75 125.535 120.518 290.892 184.426 154.269 284.565 154.907 160.069 226.626 281.089 282.834 287.534 4.196 124.223 105.445 131.486 157.933
33.3471 33.1682 49.2842 50.3252 16.9635 17.4649 0 0 54.9079 55.0313 51.7584 57.6678 36.3061 26.9492 29.9454 0 71.7768 58.837 84.0844 17.8487 18.0128 184.436 175.738 150.218 101.873 214.945 215.566 170.504 173.292 36.3383 25.1496 12.5298 14.7343 78.896 78.896 78.896
156.788 254.47 165.866 258.187 31.4241 310.415 135.943 131.472 308.77 163.295 74.9798 22.2227 79.7241 127.274 323.882 71.7768 0 307.129 131.757 191.937 196.203 116.601 168.505 144.414 38.9209 269.044 237.744 119.549 80.1964 57.4922 33.794 276.473 279.209 221.167 199.515 179.296
253.314 159.995 237.736 157.631 283.894 14.5549 192.124 103.119 152.888 247.008 320.784 312.156 312.391 181.539 57.3277 58.837 307.129 0 310.942 125.132 114.825 318.322 132.305 108.473 286.849 71.0004 85.0931 195.863 261.644 272.759 275.535 28.8226 28.0899 168.436 185.924 205.545
41.3098 168.002 54.2277 166.278 178.063 297.582 73.991 102.975 221.335 19.738 23.045 195.216 13.674 109.298 256.75 84.0844 131.757 310.942 0 193.134 169.169 1.08487 263.936 256.099 72.0726 322.788 302.816 251.312 248.011 223.291 186.805 251.867 306.295 132.814 102.262 75.1993
119.68 81.1804 111.365 88.602 199.67 132.007 61.4656 0.685099 102.478 150.196 201.296 236.86 180.654 54.1311 125.535 17.8487 191.937 125.132 193.134 0 1.01295 188.239 151.163 130.313 160.655 166.035 155.637 164.993 202.319 196.808 185.013 88.2592 135.166 76.2956 77.1903 85.6147
124.778 80.2452 115.66 86.3071 201.12 121.617 106.886 0 100.825 155.235 207.15 235.52 186.691 59.7592 120.518 18.0128 196.203 114.825 169.169 1.01295 0 193.612 139.831 119.655 166.648 153.712 143.923 158.091 198.965 194.851 185.09 80.2211 125.687 76.6793 78.7574 89.0205
78.9806 203.005 88.0335 203.007 164.187 321.174 192.543 123.8 257.765 62.4864 0 178.504 0.717514 128.279 290.892 184.436 116.601 318.322 1.08487 188.239 193.612 0 265.695 241.116 67.6903 336.566 313.386 243.37 230.32 213.003 179.994 279.222 324.682 169.806 143.026 116.317
247.68 242.197 249.081 246.401 171.472 122.533 255.549 137.651 269.198 264.11 244.8 156.862 242.442 140.757 184.426 175.738 168.505 132.305 263.936 151.163 139.831 265.695 0 28.9261 203.682 104.381 71.5443 30.0102 98.9175 115.604 133.362 179.543 132.236 239.856 240.126 240.38
224.277 221.1 229.631 227.318 136.577 83.0347 151.011 117.779 240.413 248.76 253.791 132.652 214.208 118.575 154.269 150.218 144.414 108.473 256.099 130.313 119.655 241.116 28.9261 0 172.818 126.177 93.31 7.95706 76.9949 98.7428 101.371 181.579 145.322 221.102 222.215 224.49
99.1754 208.651 113.821 213.515 79.6338 277.073 202.431 97.9796 225.689 102.273 63.1868 138.475 25.3913 102.254 284.565 101.873 38.9209 286.849 72.0726 160.655 166.648 67.6903 203.682 172.818 0 282.246 255.641 171.48 155.469 130.727 94.0838 251.344 276.66 173.672 150.056 127.766
292.407 245.186 287.521 248.131 262.915 58.7503 217.553 150.936 263.181 301.792 324.823 262.761 318.039 190.567 154.907 214.945 269.044 71.0004 322.788 166.035 153.712 336.566 104.381 126.177 282.246 0 0.635427 166.22 235.288 253.191 237.038 129.295 35.522 255.02 261.742 271.037
275.38 242.969 272.832 248.378 231.415 65.138 199.192 169.832 261.93 287.656 299.092 229.935 292.972 170.21 160.069 215.566 237.744 85.0931 302.816 155.637 143.923 313.386 71.5443 93.31 255.641 0.635427 0 105.353 174.421 193.032 205.751 132.679 44.1627 248.137 251.96 258.592
242.602 261.005 244.663 267.011 111.892 171.959 172.292 139.345 300.891 264.174 215.539 96.8893 214.087 139.747 226.626 170.504 119.549 195.863 251.312 164.993 158.091 243.37 30.0102 7.95706 171.48 166.22 105.353 0 36.9426 63.5998 74.8751 200.45 167.694 251.182 246.418 244.572
245.403 293.64 249.643 299.348 72.6446 238.044 186.087 180.893 340.757 266.095 195.443 29.6287 198.337 156.014 281.089 173.292 80.1964 261.644 248.011 202.319 198.965 230.32 98.9175 76.9949 155.469 235.288 174.421 36.9426 0 24.7199 35.6015 292.671 232.61 275.095 263.758 254.785
224.924 283.299 229.069 287.851 48.1803 251.95 169.887 166.395 333.864 244.494 170.844 21.6955 173.493 142.991 282.834 36.3383 57.4922 272.759 223.291 196.808 194.851 213.003 115.604 98.7428 130.727 253.191 193.032 63.5998 24.7199 0 7.53361 258.973 236.511 259.16 245.524 234.209
194.2 265.44 202.415 271.99 20.0417 253.727 148.513 142.165 286.155 207.417 177.931 27.8785 138.497 126.433 287.534 25.1496 33.794 275.535 186.805 185.013 185.09 179.994 133.362 101.371 94.0838 237.038 205.751 74.8751 35.6015 7.53361 0 254.203 240.163 242.901 226.033 211.265
208.407 110.858 194.418 113.275 248.538 64.0211 152.927 64.9356 114.685 238.145 293.467 304.049 272.25 141.437 4.196 12.5298 276.473 28.8226 251.867 88.2592 80.2211 279.222 179.543 181.579 251.344 129.295 132.679 200.45 292.671 258.973 254.203 0 75.1608 123.517 140.817 160.382
266.975 199.462 259.327 201.325 272.398 11.4915 197.23 114.091 209.85 297.949 339.031 278.104 308.636 175.87 124.223 14.7343 279.209 28.0899 306.295 135.166 125.687 324.682 132.236 145.322 276.66 35.522 44.1627 167.694 232.61 236.511 240.163 75.1608 0 205.549 217.998 232.976
88.1718 16.551 65.2392 17.9917 248.393 199.978 0 80.0501 24.2922 109.911 182.604 296.359 172.471 95.3438 105.445 78.896 221.167 168.436 132.814 76.2956 76.6793 169.806 239.856 221.102 173.672 255.02 248.137 251.182 275.095 259.16 242.901 123.517 205.549 0 0.83699 29.0954
61.3374 41.696 38.579 43.3124 229.967 212.028 0 81.7076 51.0586 82.9651 155.571 280.198 145.459 82.1825 131.486 78.896 199.515 185.924 102.262 77.1903 78.7574 143.026 240.126 222.215 150.056 261.742 251.96 246.418 263.758 245.524 226.033 140.817 217.998 0.83699 0 0.898987
34.7988 68.3841 13.4471 69.9895 213.354 226.72 0 110.819 78.0917 56.0697 128.487 265.784 118.408 76.6941 157.933 78.896 179.296 205.545 75.1993 85.6147 89.0205 116.317 240.38 224.49 127.766 271.037 258.592 244.572 254.785 234.209 211.265 160.382 232.976 29.0954 0.898987 0
