10
1 2 3 cabinet
2 29 6 mattress
3 4 119 nightstand
4 12 119 nightstand
5 13 14 mirror
6 0 7 bed_frame
7 19 28 blanket
8 21 8 pillow
9 22 8 pillow
10 28 39 door
0 78.8689 158.158 48.708 16.4342 46.9828 55.8372 115.823 84.5798 6.66185
78.8689 0 8.45434 9.07656 83.7306 0 0 0 0 77.7471
158.158 8.45434 0 110.677 184.04 0.221314 41.7725 36.6956 67.1344 197.971
48.708 9.07656 110.677 0 79.9701 0 35.7586 48.014 19.1824 109.443
16.4342 83.7306 184.04 79.9701 0 60.7841 93.8341 126.894 99.2853 12.7815
46.9828 0 0.221314 0 60.7841 0 0 4.80422 14.7125 156.103
55.8372 0 41.7725 35.7586 93.8341 0 0 4.43597 1.81209 74.1328
115.823 0 36.6956 48.014 126.894 4.80422 4.43597 0 1.9897 138.033
84.5798 0 67.1344 19.1824 99.2853 14.7125 1.81209 1.9897 0 112.486
6.66185 77.7471 197.971 109.443 12.7815 156.103 74.1328 138.033 112.486 0
