20
1 537 37 bed
2 85 35 curtain
3 9 119 nightstand
4 10 119 nightstand
5 5 35 curtain
6 59 8 pillow
7 61 8 pillow
8 63 8 pillow
9 65 46 couch
10 69 35 curtain
11 83 3 cabinet
12 128 12 plant
13 521 18 chair
14 523 19 floor_lamp
15 525 19 floor_lamp
16 527 10 table_lamp
17 529 10 table_lamp
18 531 62 dvd
19 533 106 tv
20 535 4 ceiling_lamp
0 54.4396 0 0 0 0.1259 0 0.1259 108.661 142.252 34.2519 66.6191 45.9801 124.397 163.389 30.7558 29.4677 64.9538 57.329 130.905
54.4396 0 121.867 121.868 140.315 126.316 110.268 115.153 74.9881 103.909 0.556746 4.05627 0.472401 146.089 82.8429 126.299 127.612 9.08447 5.46479 11.2205
0 121.867 0 82.6772 0 16.6384 36.7327 51.0148 104.345 138.082 120.222 107.321 142.094 115.402 158.773 98.3255 0 124.766 141.61 178.189
0 121.868 82.6772 0 0 82.5049 71.4321 48.0209 220.769 253.908 103.776 176.727 90.9733 233.337 257.561 0 128.008 152.113 149.092 136.113
0 140.315 0 0 0 11.3268 30.329 46.6949 70.5205 101.386 126.443 124.072 107.655 84.7018 138.079 19.7153 20.234 124.667 140.236 121.663
0.1259 126.316 16.6384 82.5049 11.3268 0 0.132592 9.64497 112.941 145.641 96.5383 107.399 106.609 125.599 157.073 61.3633 20.3879 100.326 116.065 142.591
0 110.268 36.7327 71.4321 30.329 0.132592 0 0.585088 124.459 157.242 91.0255 104.214 94.583 138.649 166.627 50.6297 35.9111 95.1441 110.719 133.212
0.1259 115.153 51.0148 48.0209 46.6949 9.64497 0.585088 0 149.758 182.393 93.1696 111.42 86.7801 163.732 184.34 27.9413 59.3005 97.0702 112.256 125.031
108.661 74.9881 104.345 220.769 70.5205 112.941 124.459 149.758 0 32.2764 113.825 92.7693 194.566 35.0474 12.6726 232.177 117.497 116.7 125.151 220.208
142.252 103.909 138.082 253.908 101.386 145.641 157.242 182.393 32.2764 0 148.973 126.881 230.69 22.6245 9.37686 232.149 115.014 158.673 168.158 236.97
34.2519 0.556746 120.222 103.776 126.443 96.5383 91.0255 93.1696 113.825 148.973 0 91.1869 10.6299 230.443 198.535 124.05 153.775 0.184999 23.7961 84.0111
66.6191 4.05627 107.321 176.727 124.072 107.399 104.214 111.42 92.7693 126.881 91.1869 0 101.819 158.626 107.895 162.29 122.025 21.8239 29.6771 135.421
45.9801 0.472401 142.094 90.9733 107.655 106.609 94.583 86.7801 194.566 230.69 10.6299 101.819 0 240.999 209.378 123.378 162.713 64.0352 34.0888 75.3971
124.397 146.089 115.402 233.337 84.7018 125.599 138.649 163.732 35.0474 22.6245 230.443 158.626 240.999 0 95.3937 213.294 95.4027 168.966 182.95 255.375
163.389 82.8429 158.773 257.561 138.079 157.073 166.627 184.34 12.6726 9.37686 198.535 107.895 209.378 95.3937 0 235.79 138.417 128.582 135.352 230.201
30.7558 126.299 98.3255 0 19.7153 61.3633 50.6297 27.9413 232.177 232.149 124.05 162.29 123.378 213.294 235.79 0 112.778 138.044 139.928 126.954
29.4677 127.612 0 128.008 20.234 20.3879 35.9111 59.3005 117.497 115.014 153.775 122.025 162.713 95.4027 138.417 112.778 0 124.252 139.05 176.551
64.9538 9.08447 124.766 152.113 124.667 100.326 95.1441 97.0702 116.7 158.673 0.184999 21.8239 64.0352 168.966 128.582 138.044 124.252 0 13.6194 119.481
57.329 5.46479 141.61 149.092 140.236 116.065 110.719 112.256 125.151 168.158 23.7961 29.6771 34.0888 182.95 135.352 139.928 139.05 13.6194 0 50.8972
130.905 11.2205 178.189 136.113 121.663 142.591 133.212 125.031 220.208 236.97 84.0111 135.421 75.3971 255.375 230.201 126.954 176.551 119.481 50.8972 0
