15
1 9 32 window_set
2 19 6 mattress
3 5 32 window_set
4 17 8 pillow
5 20 8 pillow
6 22 8 pillow
7 13 7 bed_frame
8 29 8 pillow
9 33 8 pillow
10 12 120 closet
11 37 8 pillow
12 11 120 closet
13 47 119 nightstand
14 28 119 nightstand
15 0 12 plant
0 112.051 18.086 164.473 165.579 152.11 113.073 156.916 173.563 31.679 140.912 63.586 195.616 142.669 125.493
112.051 0 134.261 0 0 0 0 0.5751 0.4048 79.6356 0 78.7691 5.4454 99.775 121.638
18.086 134.261 0 117.678 113.479 95.0545 66.2765 93.5058 119.225 83.0795 84.1109 99.3724 151.098 71.4244 56.3185
164.473 0 117.678 0 1.44339 16.6367 10.3766 18.186 13.4801 131.749 21.4938 125.927 19.4107 55.2281 85.6774
165.579 0 113.479 1.44339 0 5.26691 12.4184 5.98007 0 139.077 13.1748 137.503 24.3956 44.8801 73.2448
152.11 0 95.0545 16.6367 5.26691 0 11.3766 6.32864 9.53567 130.892 0 132.424 44.7502 26.2677 54.5942
113.073 0 66.2765 10.3766 12.4184 11.3766 0 0 0.113608 158.051 49.9682 155.51 1.5586 61.2407 123.535
156.916 0.5751 93.5058 18.186 5.98007 6.32864 0 0 3.27696 144.817 15.007 145.022 43.4661 9.35129 38.0019
173.563 0.4048 119.225 13.4801 0 9.53567 0.113608 3.27696 0 157.082 27.5811 151.133 13.1907 45.2784 70.2529
31.679 79.6356 83.0795 131.749 139.077 130.892 158.051 144.817 157.082 0 125.288 0.705002 166.787 138.691 131.772
140.912 0 84.1109 21.4938 13.1748 0 49.9682 15.007 27.5811 125.288 0 120.941 56.1097 20.5431 50.3356
63.586 78.7691 99.3724 125.927 137.503 132.424 155.51 145.022 151.133 0.705002 120.941 0 147.11 138.37 141.008
195.616 5.4454 151.098 19.4107 24.3956 44.7502 1.5586 43.4661 13.1907 166.787 56.1097 147.11 0 95.7585 125.349
142.669 99.775 71.4244 55.2281 44.8801 26.2677 61.2407 9.35129 45.2784 138.691 20.5431 138.37 95.7585 0 24.8733
125.493 121.638 56.3185 85.6774 73.2448 54.5942 123.535 38.0019 70.2529 131.772 50.3356 141.008 125.349 24.8733 0
