12
1 4 7 bed_frame
2 25 120 closet
3 7 6 mattress
4 8 26 wall_lamp
5 9 26 wall_lamp
6 10 119 nightstand
7 11 119 nightstand
8 12 8 pillow
9 15 10 table_lamp
10 18 31 book
11 21 10 table_lamp
12 24 5 rug
0 134.869 0 30.4988 64.0622 1.232 3.74237 30.9094 18.3976 6.24541 25.0736 26.1045
134.869 0 32.9819 131.472 109.202 87.1238 136.959 93.11 89.0661 90.1449 152.641 62.4004
0 32.9819 0 89.1735 76.1926 30.1459 40.1263 0 47.0515 31.4879 60.0854 34.8682
30.4988 131.472 89.1735 0 36.3085 60.7282 32.1664 47.2024 77.1646 69.5262 47.2432 135.406
64.0622 109.202 76.1926 36.3085 0 33.2808 68.5817 61.699 42.7381 47.2952 87.8974 136.967
1.232 87.1238 30.1459 60.7282 33.2808 0 77.8522 42.7323 0 0 97.807 115.716
3.74237 136.959 40.1263 32.1664 68.5817 77.8522 0 46.1226 123.298 107.651 0 108.369
30.9094 93.11 0 47.2024 61.699 42.7323 46.1226 0 70.9599 56.0525 39.7604 70.0101
18.3976 89.0661 47.0515 77.1646 42.7381 0 123.298 70.9599 0 9.65512 114.874 121.954
6.24541 90.1449 31.4879 69.5262 47.2952 0 107.651 56.0525 9.65512 0 98.87 114.441
25.0736 152.641 60.0854 47.2432 87.8974 97.807 0 39.7604 114.874 98.87 0 124.067
26.1045 62.4004 34.8682 135.406 136.967 115.716 108.369 70.0101 121.954 114.441 124.067 0
