15
1 5 119 nightstand
2 15 119 nightstand
3 110 16 vase
4 0 18 chair
5 47 6 mattress
6 65 8 pillow
7 67 8 pillow
8 74 39 door
9 75 39 door
10 76 39 door
11 79 32 window_set
12 80 14 mirror
13 32 65 heater
14 30 3 cabinet
15 33 7 bed_frame
0 0 113.507 103.051 12.0427 17.7141 37.7569 154.825 104.635 97.6337 29.1731 126.399 85.2263 105.212 15.1008
0 0 142.082 110.317 30.234 59.0677 38.6676 133.597 19.9856 1.0236 118.37 131.508 141.164 107.455 31.8928
113.507 142.082 0 22.0793 51.1079 116.209 119.302 69.8317 127.389 148.01 55.3641 16.4687 23.785 0 51.8175
103.051 110.317 22.0793 0 35.1714 101.7 101.752 39.7114 104.559 128.253 76.9672 21.1678 62.638 2.92243 32.904
12.0427 30.234 51.1079 35.1714 0 0 0 141.668 50.5722 36.8205 50.392 131.2 120.158 112.267 0
17.7141 59.0677 116.209 101.7 0 0 0 142.303 69.3704 60.2307 49.3059 131.405 100.982 107.746 0.0101299
37.7569 38.6676 119.302 101.752 0 0 0 137.788 50.4407 39.8982 66.1605 130.979 110.151 107.835 0.0101299
154.825 133.597 69.8317 39.7114 141.668 142.303 137.788 0 97.0061 136.867 148.654 35.1955 116.414 18.124 84.2039
104.635 19.9856 127.389 104.559 50.5722 69.3704 50.4407 97.0061 0 0 0 118.212 135.473 87.0912 43.3515
97.6337 1.0236 148.01 128.253 36.8205 60.2307 39.8982 136.867 0 0 135.331 135.555 157.866 112.672 41.259
29.1731 118.37 55.3641 76.9672 50.392 49.3059 66.1605 148.654 0 135.331 0 112.834 67.152 86.7585 38.9794
126.399 131.508 16.4687 21.1678 131.2 131.405 130.979 35.1955 118.212 135.555 112.834 0 41.9495 1.2698 61.0705
85.2263 141.164 23.785 62.638 120.158 100.982 110.151 116.414 135.473 157.866 67.152 41.9495 0 0 43.6186
105.212 107.455 0 2.92243 112.267 107.746 107.835 18.124 87.0912 112.672 86.7585 1.2698 0 0 52.9176
15.1008 31.8928 51.8175 32.904 0 0.0101299 0.0101299 84.2039 43.3515 41.259 38.9794 61.0705 43.6186 52.9176 0
