12
1 13 22 bottle
2 6 22 bottle
3 9 22 bottle
4 11 20 folded_blanket
5 7 37 bed
6 20 8 pillow
7 22 8 pillow
8 28 8 pillow
9 0 3 cabinet
10 30 8 pillow
11 32 8 pillow
12 19 119 nightstand
0 2.23836 10.2958 121.873 25.8032 26.3044 51.2054 57.3318 99.3303 29.3444 43.8757 0
2.23836 0 5.52911 130.181 27.8563 32.9684 58.3478 65.0123 106.053 37.0992 51.9004 0
10.2958 5.52911 0 125.343 15.7852 18.0846 43.5826 51.5936 102.031 25.5385 40.2533 0
121.873 130.181 125.343 0 51.241 107.206 103.934 90.8927 0 95.857 87.4151 114.162
25.8032 27.8563 15.7852 51.241 0 0.0450058 0.156883 0 49.1421 0 0 58.2932
26.3044 32.9684 18.0846 107.206 0.0450058 0 0.195601 12.8672 81.4043 7.87572 11.5866 14.0471
51.2054 58.3478 43.5826 103.934 0.156883 0.195601 0 9.13095 81.847 14.6597 12.7442 36.0322
57.3318 65.0123 51.5936 90.8927 0 12.8672 9.13095 0 67.5755 11.2172 0.560368 42.3735
99.3303 106.053 102.031 0 49.1421 81.4043 81.847 67.5755 0 65.1909 55.9111 87.2248
29.3444 37.0992 25.5385 95.857 0 7.87572 14.6597 11.2172 65.1909 0 0.63605 14.7589
43.8757 51.9004 40.2533 87.4151 0 11.5866 12.7442 0.560368 55.9111 0.63605 0 28.0771
0 0 0 114.162 58.2932 14.0471 36.0322 42.3735 87.2248 14.7589 28.0771 0
