10
1 51 3 cabinet
2 12 44 desk
3 3 43 computer_machine
4 20 18 chair
5 57 41 monitor
6 42 7 bed_frame
7 55 40 keyboard
8 0 3 cabinet
9 45 106 tv
10 50 6 mattress
0 159.546 150.167 144.707 144.241 33.4985 135.513 120.807 0 35.4642
159.546 0 0.102301 28.1293 0.102301 127.267 0.352301 117.978 179.517 105.292
150.167 0.102301 0 18.0725 14.8952 104.591 5.15081 107.734 156.867 106.829
144.707 28.1293 18.0725 0 30.6257 79.2516 21.3677 81.4409 120.582 79.2713
144.241 0.102301 14.8952 30.6257 0 114.581 4.57185 86.5362 149.134 123.477
33.4985 127.267 104.591 79.2516 114.581 0 159.815 140.606 47.4383 0
135.513 0.352301 5.15081 21.3677 4.57185 159.815 0 84.8882 144.854 106.525
120.807 117.978 107.734 81.4409 86.5362 140.606 84.8882 0 85.7668 101.071
0 179.517 156.867 120.582 149.134 47.4383 144.854 85.7668 0 41.3879
35.4642 105.292 106.829 79.2713 123.477 0 106.525 101.071 41.3879 0
