35
1 106 16 vase
2 5 5 rug
3 6 120 closet
4 118 36 on-wall_shelf
5 10 8 pillow
6 11 28 blanket
7 12 8 pillow
8 0 44 desk
9 14 7 bed_frame
10 16 6 mattress
11 114 36 on-wall_shelf
12 19 8 pillow
13 20 8 pillow
14 21 8 pillow
15 22 8 pillow
16 23 8 pillow
17 26 8 pillow
18 27 3 cabinet
19 24 46 couch
20 17 31 book
21 34 54 trash_bin
22 42 13 painting
23 44 12 plant
24 51 41 monitor
25 35 41 monitor
26 53 40 keyboard
27 98 36 on-wall_shelf
28 56 3 cabinet
29 61 57 artifact
30 2 33 photo_frame
31 67 36 on-wall_shelf
32 69 57 artifact
33 57 33 photo_frame
34 94 16 vase
35 102 16 vase
0 43.3119 126.326 13.6419 42.1112 47.2317 63.9693 64.3589 26.4885 34.9219 43.1272 140.631 145.317 134.144 144.645 130.722 139.151 67.3133 104.347 85.3755 7.75603 4.48056 27.7981 28.3909 81.5526 72.8073 1.1327 0 50.6974 57.3218 45.1296 10.3813 16.5854 15.2049 1.9589
43.3119 0 81.9006 75.3491 76.5737 63.8833 77.3492 26.4343 0 65.5511 101.445 136.885 133.233 118.416 142.044 133.141 128.281 94.5193 61.1883 47.709 47.265 71.2764 92.0079 83.1462 53.1088 46.7948 66.217 41.8783 109.79 119.101 107.749 65.0461 83.7422 80.5012 59.1345
126.326 81.9006 0 129.367 98.403 91.6054 95.6387 0 0 76.3413 175.657 119.995 108.796 93.7098 124.247 131.795 107.954 130.14 86.6582 54.0428 122.545 153.08 147.959 170.301 102 76.176 145.667 118.424 181.532 175.405 164.459 136.849 139.181 134.282 134.734
13.6419 75.3491 129.367 0 31.1954 39.9161 56.7084 70.8856 25.4079 27.4047 49.3518 148.338 151.847 138.592 150.809 138.128 145.494 79.7031 113.876 89.136 44.7569 0 0 38.5305 82.9312 77.9126 23.8977 51.5355 55.8224 60.4401 48.1964 35.529 0.118103 0.0806007 20.27
42.1112 76.5737 98.403 31.1954 0 25.3394 2.52855 47.6173 0 3.3219 79.3049 158.392 156.389 139.16 160.221 151.696 149.59 104.776 123.489 61.0251 65.6875 32.4891 55.119 70.9023 41.24 49.7364 38.3552 60.0875 84.5327 87.033 75.8041 64.7912 40.1542 31.5841 50.2147
47.2317 63.8833 91.6054 39.9161 25.3394 0 27.9991 28.519 0 0 77.2623 114.255 112.13 94.2037 116.342 109.862 105.044 84.4387 81.9252 28.0324 59.3576 47.5908 61.2815 69.6879 17.2053 31.047 41.6935 51.7743 83.7796 88.4091 76.3119 60.1703 48.0045 43.4935 50.1637
63.9693 77.3492 95.6387 56.7084 2.52855 27.9991 0 47.5199 0 0.933197 107.427 170.995 167.174 148.952 173.896 167.241 160.794 126.125 135.648 52.9318 81.0983 58.3193 85.6661 96.5999 27.9232 44.4497 60.7663 75.965 113.279 115.398 104.91 85.7559 68.4068 59.9302 72.6534
64.3589 26.4343 0 70.8856 47.6173 28.519 47.5199 0 0 39.8675 115.669 153.86 144.806 128.024 158.803 160.549 142.227 144.277 118.877 0 66.0887 93.8945 101.537 100.341 0 0 69.8912 63.5434 123.92 130.921 118.483 81.5876 86.0665 79.8239 73.8227
26.4885 0 0 25.4079 0 0 0 0 0 0 150.499 86.9437 82.8788 68.4644 91.7555 86.9424 78.1181 69.646 49.5467 0.7859 109.714 117.22 137.704 141.062 0 1.56841 111.182 105.12 157.99 110.79 152.321 122.833 123.834 118.663 117.791
34.9219 65.5511 76.3413 27.4047 3.3219 0 0.933197 39.8675 0 0 76.7728 167.58 137.352 115.566 169.745 159.673 132.981 104.687 132.392 74.1964 57.3828 27.6777 56.13 65.7051 59.4902 59.3174 31.4471 51.5869 83.066 87.1861 75.0827 57.8733 39.2266 30.1538 43.3891
43.1272 101.445 175.657 49.3518 79.3049 77.2623 107.427 115.669 150.499 76.7728 0 136.923 150.575 146.974 138.742 120.951 145.797 51.1355 105.265 152.07 63.6584 36.2008 29.1352 2.6863 152.533 144.211 32.1982 26.0237 0.765701 18.4155 12.2927 43.6248 60.615 64.5817 58.2448
140.631 136.885 119.995 148.338 158.392 114.255 170.995 153.86 86.9437 167.58 136.923 0 5.25491 12.903 0 3.77882 0 47.0749 0 150.558 130.431 146.34 139.306 134.841 170.874 162.539 140.639 132.685 141.664 145.446 142.461 131.986 147.563 149.431 138.147
145.317 133.233 108.796 151.847 156.389 112.13 167.174 144.806 82.8788 137.352 150.575 5.25491 0 0 0 9.64839 0 55.0054 0 142.519 135.891 161.367 151.62 139.915 164.154 155.788 152.644 135.921 159.785 163.727 150.805 140.138 151.608 152.484 143.943
134.144 118.416 93.7098 138.592 139.16 94.2037 148.952 128.024 68.4644 115.566 146.974 12.903 0 0 13.7791 25.9798 0 56.2929 0 124.921 125.638 144.998 137.163 133.255 146.892 138.946 136.254 126.289 143.624 148.638 143.037 131.217 139.521 139.559 133.5
144.645 142.044 124.247 150.809 160.221 116.342 173.896 158.803 91.7555 169.745 138.742 0 0 13.7791 0 0 2.32681 44.1916 0 155.547 134.572 148.609 138.196 127.608 175.774 167.113 139.434 127.714 140.329 144.04 141.299 135.172 148.844 150.538 141.887
130.722 133.141 131.795 138.128 151.696 109.862 167.241 160.549 86.9424 159.673 120.951 3.77882 9.64839 25.9798 0 0 13.0868 28.392 0 155.096 120.559 132.478 121.656 110.573 172.75 163.665 123.116 110.914 122.219 124.719 122.039 120.082 135.656 137.875 127.759
139.151 128.281 107.954 145.494 149.59 105.044 160.794 142.227 78.1181 132.981 145.797 0 0 0 2.32681 13.0868 0 51.7133 0 138.542 129.621 148.9 139.029 132.901 159.887 151.659 140.135 129.597 144.101 148.656 144.051 133.812 145.056 146.01 137.719
67.3133 94.5193 130.14 79.7031 104.776 84.4387 126.125 144.277 69.646 104.687 51.1355 47.0749 55.0054 56.2929 44.1916 28.392 51.7133 0 0 131.562 74.9023 84.0734 74.356 61.3218 146.33 138.554 74.7251 60.8897 75.4987 81.0347 78.2569 70.0382 90.4344 93.697 80.5743
104.347 61.1883 86.6582 113.876 123.489 81.9252 135.648 118.877 49.5467 132.392 105.265 0 0 0 0 0 0 0 0 135.463 138.034 162.348 155.575 147.443 158.383 150.08 153.657 0 153.851 157.415 162.467 145.144 159.55 160.002 147.338
85.3755 47.709 54.0428 89.136 61.0251 28.0324 52.9318 0 0.7859 74.1964 152.07 150.558 142.519 124.921 155.547 155.096 138.542 131.562 135.463 0 84.9647 90.2849 115.806 117.74 11.2931 8.54986 85.7272 80.3949 137.74 144.497 132.046 98.7583 100.615 94.7113 92.4081
7.75603 47.265 122.545 44.7569 65.6875 59.3576 81.0983 66.0887 109.714 57.3828 63.6584 130.431 135.891 125.638 134.572 120.559 129.621 74.9023 138.034 84.9647 0 34.6289 47.6627 35.1138 83.6547 74.4937 31.6712 0.708595 63.5081 73.908 63.5347 16.7439 46.6331 45.8836 10.2931
4.48056 71.2764 153.08 0 32.4891 47.5908 58.3193 93.8945 117.22 27.6777 36.2008 146.34 161.367 144.998 148.609 132.478 148.9 84.0734 162.348 90.2849 34.6289 0 3.53045 15.3959 84.275 79.6616 0 27.6378 22.0311 26.4635 13.3546 24.074 5.18844 4.51617 16.8794
27.7981 92.0079 147.959 0 55.119 61.2815 85.6661 101.537 137.704 56.13 29.1352 139.306 151.62 137.163 138.196 121.656 139.029 74.356 155.575 115.806 47.6627 3.53045 0 5.96084 112.656 106.648 1.4766 29.1144 12.6149 17.1751 6.54632 23.4512 15.8253 20.6677 22.8878
28.3909 83.1462 170.301 38.5305 70.9023 69.6879 96.5999 100.341 141.062 65.7051 2.6863 134.841 139.915 133.255 127.608 110.573 132.901 61.3218 147.443 117.74 35.1138 15.3959 5.96084 0 140.621 131.63 4.4018 0.630001 28.2752 39.3345 19.4162 4.30701 61.846 65.8723 46.2253
81.5526 53.1088 102 82.9312 41.24 17.2053 27.9232 0 0 59.4902 152.533 170.874 164.154 146.892 175.774 172.75 159.887 146.33 158.383 11.2931 83.6547 84.275 112.656 140.621 0 5.93416 82.9418 81.9245 140.647 144.583 134.041 101.845 96.8933 88.9579 91.8616
72.8073 46.7948 76.176 77.9126 49.7364 31.047 44.4497 0 1.56841 59.3174 144.211 162.539 155.788 138.946 167.113 163.665 151.659 138.554 150.08 8.54986 74.4937 79.6616 106.648 131.63 5.93416 0 74.0514 71.2795 129.015 135.9 123.497 88.7314 90.0166 83.1564 81.0055
1.1327 66.217 145.667 23.8977 38.3552 41.6935 60.7663 69.8912 111.182 31.4471 32.1982 140.639 152.644 136.254 139.434 123.116 140.135 74.7251 153.657 85.7272 31.6712 0 1.4766 4.4018 82.9418 74.0514 0 26.063 17.3599 26.0829 15.0846 17.2805 14.19 14.8884 7.60026
0 41.8783 118.424 51.5355 60.0875 51.7743 75.965 63.5434 105.12 51.5869 26.0237 132.685 135.921 126.289 127.714 110.914 129.597 60.8897 0 80.3949 0.708595 27.6378 29.1144 0.630001 81.9245 71.2795 26.063 0 35.9691 47.3872 45.3538 0.428801 42.3896 43.6966 0
50.6974 109.79 181.532 55.8224 84.5327 83.7796 113.279 123.92 157.99 83.066 0.765701 141.664 159.785 143.624 140.329 122.219 144.101 75.4987 153.851 137.74 63.5081 22.0311 12.6149 28.2752 140.647 129.015 17.3599 35.9691 0 9.39379 7.1683 34.2716 43.8905 47.8417 43.2895
57.3218 119.101 175.405 60.4401 87.033 88.4091 115.398 130.921 110.79 87.1861 18.4155 145.446 163.727 148.638 144.04 124.719 148.656 81.0347 157.415 144.497 73.908 26.4635 17.1751 39.3345 144.583 135.9 26.0829 47.3872 9.39379 0 0 44.8256 46.6966 51.3675 51.5488
45.1296 107.749 164.459 48.1964 75.8041 76.3119 104.91 118.483 152.321 75.0827 12.2927 142.461 150.805 143.037 141.299 122.039 144.051 78.2569 162.467 132.046 63.5347 13.3546 6.54632 19.4162 134.041 123.497 15.0846 45.3538 7.1683 0 0 50.353 58.608 62.6997 60.4795
10.3813 65.0461 136.849 35.529 64.7912 60.1703 85.7559 81.5876 122.833 57.8733 43.6248 131.986 140.138 131.217 135.172 120.082 133.812 70.0382 145.144 98.7583 16.7439 24.074 23.4512 4.30701 101.845 88.7314 17.2805 0.428801 34.2716 44.8256 50.353 0 36.0844 37.9174 3.52744
16.5854 83.7422 139.181 0.118103 40.1542 48.0045 68.4068 86.0665 123.834 39.2266 60.615 147.563 151.608 139.521 148.844 135.656 145.056 90.4344 159.55 100.615 46.6331 5.18844 15.8253 61.846 96.8933 90.0166 14.19 42.3896 43.8905 46.6966 58.608 36.0844 0 4.37426 18.7107
15.2049 80.5012 134.282 0.0806007 31.5841 43.4935 59.9302 79.8239 118.663 30.1538 64.5817 149.431 152.484 139.559 150.538 137.875 146.01 93.697 160.002 94.7113 45.8836 4.51617 20.6677 65.8723 88.9579 83.1564 14.8884 43.6966 47.8417 51.3675 62.6997 37.9174 4.37426 0 18.9062
1.9589 59.1345 134.734 20.27 50.2147 50.1637 72.6534 73.8227 117.791 43.3891 58.2448 138.147 143.943 133.5 141.887 127.759 137.719 80.5743 147.338 92.4081 10.2931 16.8794 22.8878 46.2253 91.8616 81.0055 7.60026 0 43.2895 51.5488 60.4795 3.52744 18.7107 18.9062 0
