27
1 8 7 bed_frame
2 10 32 window_set
3 9 32 window_set
4 7 17 ottoman
5 50 8 pillow
6 52 8 pillow
7 54 8 pillow
8 56 8 pillow
9 60 8 pillow
10 62 6 mattress
11 109 119 nightstand
12 0 18 chair
13 15 99 table
14 73 8 pillow
15 77 51 desktop
16 4 10 table_lamp
17 81 8 pillow
18 85 8 pillow
19 87 8 pillow
20 89 8 pillow
21 6 32 window_set
22 2 44 desk
23 93 119 nightstand
24 105 52 fireplace
25 3 10 table_lamp
26 107 46 couch
27 5 32 window_set
0 1.18201 1.18201 0 4.30103 14.5132 28.4316 41.89 22.2273 0 6.29483 96.7137 150.837 22.3139 95.8063 70.866 8.27258 109.22 110.894 103.219 112.203 87.7356 5.54735 183.834 39.6749 86.7896 0
1.18201 0 0 91.7341 0 0 44.7981 35.9459 0 5.21743 9.01722 203.307 187.982 105.59 201.605 62.2737 102.728 110.425 105.012 98.9261 214.732 193.32 62.2689 186.389 15.016 169.891 0
1.18201 0 0 94.3971 14.6373 0 0 11.6005 0 9.32792 43.1048 178.99 203.908 95.0776 170.669 10.5172 93.5299 94.7171 94.0416 94.7582 177.151 163.446 10.0573 216.616 43.5986 157.68 0
0 91.7341 94.3971 0 101.958 101.904 107.944 111.132 94.4642 4.69145 73.1975 140.157 88.6338 0 148.937 125.114 0 0 0.0235004 0.0235004 172.462 136.915 119.653 111.33 78.8743 63.831 0
4.30103 0 14.6373 101.958 0 0 11.9005 25.3837 7.27014 0 17.8548 189.551 185.935 80.0467 187.422 53.968 89.6894 84.9146 80.4191 86.6097 200.316 179.096 53.5229 192.808 13.4253 143.995 126.024
14.5132 0 0 101.904 0 0 0 13.3454 4.61996 0 29.0295 181.805 187.678 80.9931 178.59 42.158 83.8301 82.4655 78.8061 82.0481 190.522 170.142 41.6663 197.549 24.891 144.504 136.46
28.4316 44.7981 0 107.944 11.9005 0 0 0 7.73465 0 43.4254 177.266 195.2 85.7178 172.281 27.4511 83.3055 84.2808 84.283 79.7699 182.482 163.68 26.9766 207.95 39.8034 147.952 151.111
41.89 35.9459 11.6005 111.132 25.3837 13.3454 0 0 3.69932 0 56.4628 170.334 199.143 88.1863 163.895 14.4106 77.1493 81.9967 84.9535 77.8372 172.668 155.209 13.8787 214.789 53.005 148.335 163.285
22.2273 0 0 94.4642 7.27014 4.61996 7.73465 3.69932 0 0 34.3821 177.27 182.875 71.3942 175.842 49.0397 73.9974 74.1627 73.1739 75.7737 189.612 167.608 28.9925 194.146 32.9387 134.513 0
0 5.21743 9.32792 4.69145 0 0 0 0 0 0 6.548 101.12 109.984 56.8899 155.284 103.85 13.7509 26.4106 45.5984 18.5088 176.731 92.098 5.45823 127.585 70.4985 88.9102 0
6.29483 9.01722 43.1048 73.1975 17.8548 29.0295 43.4254 56.4628 34.3821 6.548 0 199.253 170.308 82.103 212.566 84.4977 109.006 90.4731 88.3225 101.785 229.753 191.609 82.595 174.065 0 134.938 95.9821
96.7137 203.307 178.99 140.157 189.551 181.805 177.266 170.334 177.27 101.12 199.253 0 161.343 133.99 12.8195 159.224 85.8821 105.728 124.277 91.7784 27.272 15.4804 157.433 211.809 199.221 103.345 0
150.837 187.982 203.908 88.6338 185.935 187.678 195.2 199.143 182.875 109.984 170.308 161.343 0 140.451 183.987 254.158 183.432 157.375 145.864 175.959 209.437 141.682 250.519 24.7734 210.585 22.4497 0
22.3139 105.59 95.0776 0 80.0467 80.9931 85.7178 88.1863 71.3942 56.8899 82.103 133.99 140.451 0 142.748 100.002 46.7411 15.015 1.39759 36.3067 164.448 136.613 99.0379 120.886 80.7355 56.8849 0
95.8063 201.605 170.669 148.937 187.422 178.59 172.281 163.895 175.842 155.284 212.566 12.8195 183.987 142.748 0 149.955 86.8001 109.189 129.765 94.7445 0.621577 0 147.996 232.416 227.482 123.534 0
70.866 62.2737 10.5172 125.114 53.968 42.158 27.4511 14.4106 49.0397 103.85 84.4977 159.224 254.158 100.002 149.955 0 84.2282 90.052 98.4224 86.9258 168.287 152.659 0 237.262 82.323 159.601 0
8.27258 102.728 93.5299 0 89.6894 83.8301 83.3055 77.1493 73.9974 13.7509 109.006 85.8821 183.432 46.7411 86.8001 84.2282 0 13.2567 32.498 0.7645 104.708 78.9137 78.6727 172.038 98.3126 75.3715 166.909
109.22 110.425 94.7171 0 84.9146 82.4655 84.2808 81.9967 74.1627 26.4106 90.4731 105.728 157.375 15.015 109.189 90.052 13.2567 0 0.884023 5.03891 129.522 102.449 81.1302 144.137 82.3109 56.8659 0
110.894 105.012 94.0416 0.0235004 80.4191 78.8061 84.283 84.9535 73.1739 45.5984 88.3225 124.277 145.864 1.39759 129.765 98.4224 32.498 0.884023 0 24.7094 153.254 125.645 92.6796 129.369 83.556 55.9159 0
103.219 98.9261 94.7582 0.0235004 86.6097 82.0481 79.7699 77.8372 75.7737 18.5088 101.785 91.7784 175.959 36.3067 94.7445 86.9258 0.7645 5.03891 24.7094 0 113.792 87.2397 80.9968 162.814 92.0515 69.2788 156.476
112.203 214.732 177.151 172.462 200.316 190.522 182.482 172.668 189.612 176.731 229.753 27.272 209.437 164.448 0.621577 168.287 104.708 129.522 153.254 113.792 0 0 217.195 258.46 261.966 150.265 0
87.7356 193.32 163.446 136.915 179.096 170.142 163.68 155.209 167.608 92.098 191.609 15.4804 141.682 136.613 0 152.659 78.9137 102.449 125.645 87.2397 0 0 209.533 190.305 234.128 83.002 0
5.54735 62.2689 10.0573 119.653 53.5229 41.6663 26.9766 13.8787 28.9925 5.45823 82.595 157.433 250.519 99.0379 147.996 0 78.6727 81.1302 92.6796 80.9968 217.195 209.533 0 228.464 82.6204 150.07 188.514
183.834 186.389 216.616 111.33 192.808 197.549 207.95 214.789 194.146 127.585 174.065 211.809 24.7734 120.886 232.416 237.262 172.038 144.137 129.369 162.814 258.46 190.305 228.464 0 172.111 87.8019 0
39.6749 15.016 43.5986 78.8743 13.4253 24.891 39.8034 53.005 32.9387 70.4985 0 199.221 210.585 80.7355 227.482 82.323 98.3126 82.3109 83.556 92.0515 261.966 234.128 82.6204 172.111 0 137.789 0
86.7896 169.891 157.68 63.831 143.995 144.504 147.952 148.335 134.513 88.9102 134.938 103.345 22.4497 56.8849 123.534 159.601 75.3715 56.8659 55.9159 69.2788 150.265 83.002 150.07 87.8019 137.789 0 0
0 0 0 0 126.024 136.46 151.111 163.285 0 0 95.9821 0 0 0 0 0 166.909 0 0 156.476 0 0 188.514 0 0 0 0
