19
1 5 27 box
2 10 27 box
3 11 27 box
4 12 27 box
5 13 27 box
6 20 65 heater
7 0 60 guitar
8 3 62 dvd
9 51 62 dvd
10 26 7 bed_frame
11 28 3 cabinet
12 29 6 mattress
13 31 8 pillow
14 33 39 door
15 53 32 window_set
16 37 120 closet
17 38 39 door
18 7 106 tv
19 44 119 nightstand
0 76.8752 61.3564 46.4442 32.5895 101.11 101.222 116.73 127.667 2.60201 114.134 23.6563 29.9805 65.5825 99.8617 87.8074 62.5845 126.192 0
76.8752 0 18.3894 36.3087 55.4194 26.4357 29.3876 31.4808 32.4201 0.381967 26.3596 7.86175 72.7279 97.2348 77.3557 71.7931 94.6916 41.859 61.0917
61.3564 18.3894 0 3.03165 36.8316 28.6933 45.9007 46.9499 48.5138 6.009 44.8796 7.62466 54.8197 133.86 74.5012 38.0078 130.997 58.1883 43.9293
46.4442 36.3087 3.03165 0 4.2685 28.7863 61.5825 63.8482 65.3749 5.98456 62.8009 7.60023 38.2498 132.889 75.0724 50.7779 129.931 74.9002 26.7592
32.5895 55.4194 36.8316 4.2685 0 29.8548 78.8178 82.5328 83.9118 0.182837 81.8969 7.71521 23.1972 135.1 77.424 66.3367 132.143 93.1706 52.8553
101.11 26.4357 28.6933 28.7863 29.8548 0 117.18 94.2365 83.0945 10.4808 41.9097 21.833 41.7651 165.214 34.7543 97.5694 162.454 91.9287 87.5286
101.222 29.3876 45.9007 61.5825 78.8178 117.18 0 38.2451 59.8617 11.8257 26.8124 22.1321 90.6968 93.4958 100.272 1.4337 91.829 44.092 89.1566
116.73 31.4808 46.9499 63.8482 82.5328 94.2365 38.2451 0 24.5832 9.56939 0 6.96872 95.2221 126.53 65.2839 36.4981 124.321 5.14231 101.008
127.667 32.4201 48.5138 65.3749 83.9118 83.0945 59.8617 24.5832 0 11.4563 0 6.36956 96.3207 147.087 44.5922 61.0813 144.048 2.26751 110.137
2.60201 0.381967 6.009 5.98456 0.182837 10.4808 11.8257 9.56939 11.4563 0 1.89829 0 1.18 90.9219 78.2755 24.9358 87.964 24.3372 0.69342
114.134 26.3596 44.8796 62.8009 81.8969 41.9097 26.8124 0 0 1.89829 0 5.48705 103.321 125.012 69.3209 32.2649 123.1 9.24895 104.397
23.6563 7.86175 7.62466 7.60023 7.71521 21.833 22.1321 6.96872 6.36956 0 5.48705 0 0 91.4049 72.8179 25.0958 88.447 16.8683 8.94966
29.9805 72.7279 54.8197 38.2498 23.1972 41.7651 90.6968 95.2221 96.3207 1.18 103.321 0 0 97.6568 35.419 87.1875 94.6989 115.763 15.8031
65.5825 97.2348 133.86 132.889 135.1 165.214 93.4958 126.53 147.087 90.9219 125.012 91.4049 97.6568 0 163.506 57.8741 0.221405 137.887 62.3259
99.8617 77.3557 74.5012 75.0724 77.424 34.7543 100.272 65.2839 44.5922 78.2755 69.3209 72.8179 35.419 163.506 0 99.5214 159.05 40.4425 114.581
87.8074 71.7931 38.0078 50.7779 66.3367 97.5694 1.4337 36.4981 61.0813 24.9358 32.2649 25.0958 87.1875 57.8741 99.5214 0 62.0633 77.7475 78.478
62.5845 94.6916 130.997 129.931 132.143 162.454 91.829 124.321 144.048 87.964 123.1 88.447 94.6989 0.221405 159.05 62.0633 0 132.959 58.9624
126.192 41.859 58.1883 74.9002 93.1706 91.9287 44.092 5.14231 2.26751 24.3372 9.24895 16.8683 115.763 137.887 40.4425 77.7475 132.959 0 110.71
0 61.0917 43.9293 26.7592 52.8553 87.5286 89.1566 101.008 110.137 0.69342 104.397 8.94966 15.8031 62.3259 114.581 78.478 58.9624 110.71 0
