8
1 8 7 bed_frame
2 9 6 mattress
3 6 120 closet
4 5 131 console_table
5 4 19 floor_lamp
6 20 5 rug
7 3 17 ottoman
8 31 13 painting
0 0 0 32.6474 105.52 0 2.34677 81.2805
0 0 112.956 27.4304 51.4987 18.2691 72.1935 79.7272
0 112.956 0 79.0298 62.4597 30.545 0 51.4384
32.6474 27.4304 79.0298 0 11.9629 10.3223 80.3666 9.0652
105.52 51.4987 62.4597 11.9629 0 8.96701 108.532 17.5783
0 18.2691 30.545 10.3223 8.96701 0 9.6897 112.205
2.34677 72.1935 0 80.3666 108.532 9.6897 0 93.5476
81.2805 79.7272 51.4384 9.0652 17.5783 112.205 93.5476 0
