18
1 121 119 nightstand
2 2 18 chair
3 11 10 table_lamp
4 16 6 mattress
5 117 119 nightstand
6 20 8 pillow
7 17 106 tv
8 22 8 pillow
9 25 3 cabinet
10 26 8 pillow
11 28 8 pillow
12 30 8 pillow
13 0 44 desk
14 13 7 bed_frame
15 35 31 book
16 45 41 monitor
17 63 40 keyboard
18 113 28 blanket
0 196.273 122.415 37.1835 116.866 39.0438 167.097 57.3001 155.712 69.1413 43.8392 78.0605 210.153 32.7633 233.253 229.537 221.12 27.004
196.273 0 100.778 90.8019 91.854 155.515 125.13 139.708 102.875 123.524 143.492 121.654 5.32401 86.7035 27.5938 35.1194 28.3895 90.1539
122.415 100.778 0 25.0623 0 64.1384 167.532 45.5999 159.205 27.3884 52.1965 24.0481 100.026 18.4296 132.99 118.777 112.393 25.0673
37.1835 90.8019 25.0623 0 16.8745 0.883113 101.346 0.154699 94.0063 0.7376 0.2985 0.632799 183.629 0 212.336 202.32 194.576 0
116.866 91.854 0 16.8745 0 58.6571 164.127 40.1678 154.023 24.3022 49.7258 19.7069 98.5052 12.961 131.997 119.997 112.675 16.2447
39.0438 155.515 64.1384 0.883113 58.6571 0 165.555 0 160.64 30.5962 0.168039 39.7837 167.342 0.00450134 194.075 185.359 178.168 22.4191
167.097 125.13 167.532 101.346 164.127 165.555 0 164.641 0.3937 161.303 159.408 162.651 142.101 0 159.597 176.32 167.455 100.685
57.3001 139.708 45.5999 0.154699 40.1678 0 164.641 0 161.696 0.351419 0 0 146.564 0 174.62 165.461 157.983 20.6512
155.712 102.875 159.205 94.0063 154.023 160.64 0.3937 161.696 0 154.896 152.564 158.985 115.191 0 136.241 153.209 144.319 93.3553
69.1413 123.524 27.3884 0.7376 24.3022 30.5962 161.303 0.351419 154.896 0 1.89678 0 132.42 8.46328 161.254 150.699 143.717 4.58661
43.8392 143.492 52.1965 0.2985 49.7258 0.168039 159.408 0 152.564 1.89678 0 32.1132 153.533 11.8604 179.589 171.625 164.186 1.89459
78.0605 121.654 24.0481 0.632799 19.7069 39.7837 162.651 0 158.985 0 32.1132 0 125.926 0 155.63 144.934 137.704 12.6613
210.153 5.32401 100.026 183.629 98.5052 167.342 142.101 146.564 115.191 132.42 153.533 125.926 0 110.959 0 0 0 114.064
32.7633 86.7035 18.4296 0 12.961 0.00450134 0 0 0 8.46328 11.8604 0 110.959 0 220.61 140.664 133.95 0
233.253 27.5938 132.99 212.336 131.997 194.075 159.597 174.62 136.241 161.254 179.589 155.63 0 220.61 0 11.2919 8.5489 127.058
229.537 35.1194 118.777 202.32 119.997 185.359 176.32 165.461 153.209 150.699 171.625 144.934 0 140.664 11.2919 0 5.9339 130.391
221.12 28.3895 112.393 194.576 112.675 178.168 167.455 157.983 144.319 143.717 164.186 137.704 0 133.95 8.5489 5.9339 0 121.512
27.004 90.1539 25.0673 0 16.2447 22.4191 100.685 20.6512 93.3553 4.58661 1.89459 12.6613 114.064 0 127.058 130.391 121.512 0
