14
1 3 7 bed_frame
2 4 6 mattress
3 9 10 table_lamp
4 10 10 table_lamp
5 13 33 photo_frame
6 12 13 painting
7 32 32 window_set
8 34 35 curtain
9 5 131 console_table
10 2 119 nightstand
11 59 5 rug
12 51 35 curtain
13 0 119 nightstand
14 40 12 plant
0 1.22276 81.8589 139.274 7.18195 184.84 179.554 174.189 171.008 0 0 115.895 0 181.904
1.22276 0 110.004 114.092 35.646 166.02 84.778 75.065 161.439 5.90434 15.6911 170.941 90.4418 166.284
81.8589 110.004 0 128.689 4.65007 257.474 194.353 185.273 254.012 0.110498 67.7168 227.906 113.669 260.361
139.274 114.092 128.689 0 125.39 237.849 59.1423 50.2911 239.789 120.979 67.7168 137.235 0.110498 242.765
7.18195 35.646 4.65007 125.39 0 256.355 190.88 181.789 252.69 0.0362988 66.51 225.369 109.943 255.721
184.84 166.02 257.474 237.849 256.355 0 96.6383 234.2 20.3332 247.735 101.291 88.0042 231.311 23.8196
179.554 84.778 194.353 59.1423 190.88 96.6383 0 5.80877 91.3791 180.304 55.4498 6.70579 48.616 104.826
174.189 75.065 185.273 50.2911 181.789 234.2 5.80877 0 205.932 171.089 50.3133 69.5934 36.6429 226.971
171.008 161.439 254.012 239.789 252.69 20.3332 91.3791 205.932 0 272.139 118.598 102.452 263.538 0.110401
0 5.90434 0.110498 120.979 0.0362988 247.735 180.304 171.089 272.139 0 60.1771 210.584 98.5488 248.805
0 15.6911 67.7168 67.7168 66.51 101.291 55.4498 50.3133 118.598 60.1771 0 77.5015 58.2566 106.208
115.895 170.941 227.906 137.235 225.369 88.0042 6.70579 69.5934 102.452 210.584 77.5015 0 125.925 86.9326
0 90.4418 113.669 0.110498 109.943 231.311 48.616 36.6429 263.538 98.5488 58.2566 125.925 0 234.041
181.904 166.284 260.361 242.765 255.721 23.8196 104.826 226.971 0.110401 248.805 106.208 86.9326 234.041 0
