11
1 7 37 bed
2 8 5 rug
3 11 8 pillow
4 17 8 pillow
5 19 8 pillow
6 6 119 nightstand
7 5 119 nightstand
8 10 47 laptop
9 4 3 cabinet
10 3 44 desk
11 2 18 chair
0 0 0 0.494743 0.0918999 2.354 2.7199 110.032 31.8411 64.6704 71.7404
0 0 28.3428 72.6539 60.7531 5.66147 8.84091 128.719 82.3364 117.393 98.7587
0 28.3428 0 0 0 10.565 7.81272 93.1276 92.5543 61.0129 76.4959
0.494743 72.6539 0 0 4.52675 44.1736 6.93356 111.348 85.5533 84.5005 89.0248
0.0918999 60.7531 0 4.52675 0 16.0968 35.0281 92.0734 86.6853 60.4996 69.9101
2.354 5.66147 10.565 44.1736 16.0968 0 75.444 98.7324 107.949 64.8093 77.3935
2.7199 8.84091 7.81272 6.93356 35.0281 75.444 0 170.816 108.356 145.55 145.293
110.032 128.719 93.1276 111.348 92.0734 98.7324 170.816 0 47.5264 0 14.3954
31.8411 82.3364 92.5543 85.5533 86.6853 107.949 108.356 47.5264 0 108.871 97.5917
64.6704 117.393 61.0129 84.5005 60.4996 64.8093 145.55 0 108.871 0 9.51104
71.7404 98.7587 76.4959 89.0248 69.9101 77.3935 145.293 14.3954 97.5917 9.51104 0
