29
1 7 120 closet
2 112 8 pillow
3 204 7 bed_frame
4 28 26 wall_lamp
5 10 119 nightstand
6 33 32 window_set
7 202 8 pillow
8 38 32 window_set
9 6 17 ottoman
10 200 8 pillow
11 43 30 basket
12 3 18 chair
13 197 8 pillow
14 173 24 book_array
15 195 8 pillow
16 133 24 book_array
17 191 28 blanket
18 190 6 mattress
19 189 8 pillow
20 187 8 pillow
21 0 19 floor_lamp
22 17 119 nightstand
23 180 27 box
24 174 31 book
25 77 99 table
26 170 10 table_lamp
27 23 26 wall_lamp
28 168 14 mirror
29 14 25 pencil_pot
0 142.983 55.2406 74.4683 129.522 84.6547 67.5632 52.2511 120.52 88.8188 64.3151 96.248 57.2643 134.318 104.076 19.1466 39.17 42.3226 90.934 77.9749 77.1522 13.1705 29.7419 74.7166 62.4216 141.831 82.1261 158.57 136.509
142.983 0 14.0107 114.888 100.321 145.442 108.75 149.494 0 104.82 112.184 90.3104 97.8991 105.859 93.3709 124.271 17.6363 16.436 63.5911 66.8025 115.48 116.022 120.884 103.693 97.8176 109.215 113.755 129.403 110.348
55.2406 14.0107 0 8.31608 10.2327 89.2102 0 91.0155 101.98 0 54.959 143.303 1.2607 64.3509 1.4159 18.8701 0 0 36.8223 1.5173 142.162 8.648 18.0044 47.0408 42.6493 24.5508 32.801 42.1191 15.0056
74.4683 114.888 8.31608 0 60.0086 153.581 12.3043 130.683 109.993 13.6087 123.353 144.866 21.3618 72.0234 21.9648 67.6856 34.5545 30.6936 36.3683 36.4678 139.568 53.3814 52.9513 127.591 117.865 61.9948 3.7375 81.3957 56.3847
129.522 100.321 10.2327 60.0086 0 196.126 56.0686 182.414 92.3162 22.7376 163.563 174.958 65.8411 0 22.8859 106.659 11.227 13.2027 44.9988 59.7914 176.927 101.301 105.285 161.936 154.665 0 55.2255 9.46571 0.1716
84.6547 145.442 89.2102 153.581 196.126 0 132.613 13.528 135.83 158.764 23.5833 56.9372 123.673 208.666 161.349 116.834 83.7781 89.5543 137.737 125.221 18.8983 103.642 105.156 33.4267 19.6927 205.196 157.411 226.787 201.231
67.5632 108.75 0 12.3043 56.0686 132.613 0 104.993 105.625 11.4774 104.916 126.712 0 64.3119 20.452 35.2528 13.7178 0 31.6282 35.9522 122 22.0013 24.9583 110.107 98.993 67.493 13.9403 86.6494 59.5371
52.2511 149.494 91.0155 130.683 182.414 13.528 104.993 0 138.17 149.542 25.3859 96.2539 107.733 196.188 149.539 93.8329 82.6481 92.4875 123.155 109.328 66.3572 83.8653 88.3789 39.2523 23.0889 198.596 150.886 221.298 193.519
120.52 0 101.98 109.993 92.3162 135.83 105.625 138.17 0 120.498 108.894 85.3361 111.195 115.986 108.294 132.655 39.1011 32.8097 79.5304 79.6845 112.749 125.047 129.629 99.3901 95.3803 119.874 132.328 136.021 122.203
88.8188 104.82 0 13.6087 22.7376 158.764 11.4774 149.542 120.498 0 128.609 146.677 19.0428 33.9107 0 63.0976 13.157 0 30.3112 33.986 144.376 55.0591 58.2128 130.923 121.517 34.5808 17.0203 52.9901 25.8745
64.3151 112.184 54.959 123.353 163.563 23.5833 104.916 25.3859 108.894 128.609 0 20.2643 89.0596 170.03 124.698 82.5172 50.5554 53.577 101.13 87.9353 13.5464 74.0548 76.7736 1.14761 0.144398 171.686 129.111 194.645 167.426
96.248 90.3104 143.303 144.866 174.958 56.9372 126.712 96.2539 85.3361 146.677 20.2643 0 130.264 185.458 150.708 129.904 59.5828 60.1444 123.534 114.724 20.9433 126.122 127.069 38.8691 36.7893 189.734 162.975 211.17 187.059
57.2643 97.8991 1.2607 21.3618 65.8411 123.673 0 107.733 111.195 19.0428 89.0596 130.264 0 69.605 22.6945 28.8296 0 0 26.0468 26.0773 109.92 14.8603 17.3432 98.0105 86.8646 72.7643 20.7296 93.255 65.471
134.318 105.859 64.3509 72.0234 0 208.666 64.3119 196.188 115.986 33.9107 170.03 185.458 69.605 0 33.0223 116.47 17.4237 25.3167 61.1485 75.8364 194.965 114.006 118.824 175.493 171.636 15.523 73.9547 16.7436 15.081
104.076 93.3709 1.4159 21.9648 22.8859 161.349 20.452 149.539 108.294 0 124.698 150.708 22.6945 33.0223 0 68.9783 0 0 21.5443 31.7205 142.88 61.4316 64.4904 129.002 120.424 27.0401 27.9634 47.2072 19.5722
19.1466 124.271 18.8701 67.6856 106.659 116.834 35.2528 93.8329 132.655 63.0976 82.5172 129.904 28.8296 116.47 68.9783 0 14.7573 18.7808 62.8083 52.9989 106.837 0 14.9139 94.2399 82.3731 115.778 75.8987 133.169 107.572
39.17 17.6363 0 34.5545 11.227 83.7781 13.7178 82.6481 39.1011 13.157 50.5554 59.5828 0 17.4237 0 14.7573 0 0 0.0570476 0 65.2118 8.7559 17.8341 46.383 37.7605 23.2566 35.1409 43.0089 21.1379
42.3226 16.436 0 30.6936 13.2027 89.5543 0 92.4875 32.8097 0 53.577 60.1444 0 25.3167 0 18.7808 0 0 4.209 0.0137978 65.329 12.013 19.9132 47.4095 91.9833 22.0205 55.8941 42.4462 13.4743
90.934 63.5911 36.8223 36.3683 44.9988 137.737 31.6282 123.155 79.5304 30.3112 101.13 123.534 26.0468 61.1485 21.5443 62.8083 0.0570476 4.209 0 0 114.52 58.0675 61.8494 103.314 92.6596 54.3587 36.3627 76.8504 50.5795
77.9749 66.8025 1.5173 36.4678 59.7914 125.221 35.9522 109.328 79.6845 33.986 87.9353 114.724 26.0773 75.8364 31.7205 52.9989 0 0.0137978 0 0 102.574 40.6116 45.4475 88.1325 79.8676 67.043 44.0737 89.8441 63.4598
77.1522 115.48 142.162 139.568 176.927 18.8983 122 66.3572 112.749 144.376 13.5464 20.9433 109.92 194.965 142.88 106.837 65.2118 65.329 114.52 102.574 0 93.678 104.452 22.7371 1.24628 190.756 148.764 212.991 187.623
13.1705 116.022 8.648 53.3814 101.301 103.642 22.0013 83.8653 125.047 55.0591 74.0548 126.122 14.8603 114.006 61.4316 0 8.7559 12.013 58.0675 40.6116 93.678 0 0 85.9402 74.1419 120.369 65.5216 139.271 112.073
29.7419 120.884 18.0044 52.9513 105.285 105.156 24.9583 88.3789 129.629 58.2128 76.7736 127.069 17.3432 118.824 64.4904 14.9139 17.8341 19.9132 61.8494 45.4475 104.452 0 0 84.2025 72.1409 112.454 60.1841 133.143 105.545
74.7166 103.693 47.0408 127.591 161.936 33.4267 110.107 39.2523 99.3901 130.923 1.14761 38.8691 98.0105 175.493 129.002 94.2399 46.383 47.4095 103.314 88.1325 22.7371 85.9402 84.2025 0 0 179.912 142.908 202.485 176.144
62.4216 97.8176 42.6493 117.865 154.665 19.6927 98.993 23.0889 95.3803 121.517 0.144398 36.7893 86.8646 171.636 120.424 82.3731 37.7605 91.9833 92.6596 79.8676 1.24628 74.1419 72.1409 0 0 168.167 131.396 190.795 164.416
141.831 109.215 24.5508 61.9948 0 205.196 67.493 198.596 119.874 34.5808 171.686 189.734 72.7643 15.523 27.0401 115.778 23.2566 22.0205 54.3587 67.043 190.756 120.369 112.454 179.912 168.167 0 54.6255 14.9918 5.55625
82.1261 113.755 32.801 3.7375 55.2255 157.411 13.9403 150.886 132.328 17.0203 129.111 162.975 20.7296 73.9547 27.9634 75.8987 35.1409 55.8941 36.3627 44.0737 148.764 65.5216 60.1841 142.908 131.396 54.6255 0 73.6338 49.0048
158.57 129.403 42.1191 81.3957 9.46571 226.787 86.6494 221.298 136.021 52.9901 194.645 211.17 93.255 16.7436 47.2072 133.169 43.0089 42.4462 76.8504 89.8441 212.991 139.271 133.143 202.485 190.795 14.9918 73.6338 0 44.3019
136.509 110.348 15.0056 56.3847 0.1716 201.231 59.5371 193.519 122.203 25.8745 167.426 187.059 65.471 15.081 19.5722 107.572 21.1379 13.4743 50.5795 63.4598 187.623 112.073 105.545 176.144 164.416 5.55625 49.0048 44.3019 0
