9
1 0 44 desk
2 6 18 chair
3 10 119 nightstand
4 16 7 bed_frame
5 19 6 mattress
6 21 8 pillow
7 23 8 pillow
8 4 3 cabinet
9 3 119 nightstand
0 2.09035 7.51739 25.176 32.6172 32.7527 58.8078 0.7314 90.0655
2.09035 0 24.4842 31.3385 26.9725 40.7399 60.5492 7.20806 86.6917
7.51739 24.4842 0 0 3.7368 26.1663 52.7339 60.2936 84.6355
25.176 31.3385 0 0 0 1.93999 1.93999 57.4622 0.3708
32.6172 26.9725 3.7368 0 0 0 0 59.4291 4.4495
32.7527 40.7399 26.1663 1.93999 0 0 0.796101 71.215 32.8001
58.8078 60.5492 52.7339 1.93999 0 0.796101 0 94.9868 6.24074
0.7314 7.20806 60.2936 57.4622 59.4291 71.215 94.9868 0 148.204
90.0655 86.6917 84.6355 0.3708 4.4495 32.8001 6.24074 148.204 0
