31
1 79 20 folded_blanket
2 37 10 table_lamp
3 78 20 folded_blanket
4 8 21 shoe
5 9 21 shoe
6 85 20 folded_blanket
7 11 21 shoe
8 12 21 shoe
9 14 17 ottoman
10 80 20 folded_blanket
11 25 119 nightstand
12 2 19 floor_lamp
13 105 8 pillow
14 38 131 console_table
15 81 20 folded_blanket
16 82 20 folded_blanket
17 26 7 bed_frame
18 101 8 pillow
19 5 119 nightstand
20 100 16 vase
21 83 20 folded_blanket
22 47 5 rug
23 0 4 ceiling_lamp
24 49 13 painting
25 50 13 painting
26 91 6 mattress
27 4 16 vase
28 84 20 folded_blanket
29 64 5 rug
30 31 10 table_lamp
31 92 5 rug
0 85.8922 4.8163 25.6443 26.4848 26.3267 3.17897 4.05434 0 0 89.5165 62.1264 75.4101 75.628 5.6875 1.584 1.31379 76.6646 79.017 95.5815 15.3183 57.517 75.6735 95.8512 92.0139 6.78991 30.2833 15.4242 27.578 96.4668 9.53648
85.8922 0 84.0405 105.014 101.737 100.374 93.0855 89.3772 81.8031 82.5472 83.9061 116.496 14.0046 146.293 84.2577 87.3862 4.64867 44.6211 0 154.031 93.9673 91.6554 98.3717 38.1821 134.961 7.13221 104.054 94.85 18.4547 85.3473 96.5667
4.8163 84.0405 0 24.3496 25.0143 23.92 10.5497 10.7875 0.133555 4.39087 88.7985 65.5204 75.5333 76.9772 11.0635 6.4278 6.93589 76.3524 81.1555 93.7879 13.1427 56.0753 68.2706 94.0775 90.8852 7.58782 26.8152 16.1017 32.6395 95.7225 15.152
25.6443 105.014 24.3496 0 0.391722 1.2729 13.1891 13.2783 0 25.8121 85.3012 86.7412 83.0588 96.1617 25.5916 13.7315 7.84569 81.3818 96.3371 115.541 2.00909 21.826 79.3961 102.064 115.194 12.6513 8.69882 0.546291 51.3841 92.031 5.91884
26.4848 101.737 25.0143 0.391722 0 1.51072 14.2352 13.1891 0 25.8195 81.1674 88.207 79.0611 98.8496 25.6056 13.7333 4.69593 77.3003 92.929 118.106 2.24691 20.4525 79.4867 98.3375 116.948 8.88934 9.25365 0.342803 51.0299 87.9493 10.1368
26.3267 100.374 23.92 1.2729 1.51072 0 24.2981 24.8462 0 36.7663 74.9026 96.8537 80.3226 103.408 36.9366 24.7427 1.31379 75.6543 98.6056 120.776 0.5714 21.7099 78.3119 95.8625 122.468 6.78991 4.701 11.8705 62.8616 81.4782 9.53648
3.17897 93.0855 10.5497 13.1891 14.2352 24.2981 0 0.391722 0 4.20174 92.7322 64.5085 81.1537 78.6995 1.93793 1.8979 7.82106 82.162 84.8767 99.8613 6.81862 44.8371 78.9047 102.083 96.0945 12.6712 21.6122 2.14523 27.7566 100.008 5.91884
4.05434 89.3772 10.7875 13.2783 13.1891 24.8462 0.391722 0 0 4.05928 88.9361 66.4159 77.0499 81.9525 1.90687 2.13572 4.69593 77.8489 80.9781 102.815 7.02465 44.167 78.9832 98.3375 98.2007 8.88934 21.5277 1.96953 27.2037 95.9854 10.1368
0 81.8031 0.133555 0 0 0 0 0 0 0 87.9261 47.0441 75.8119 65.6465 0 0 2.25079 86.2148 84.8678 91.2724 0 33.7067 79.8342 106.14 82.4011 7.71191 0 0 14.5876 94.7399 8.93261
0 82.5472 4.39087 25.8121 25.8195 36.7663 4.20174 4.05928 0 0 89.2392 62.4802 74.8002 75.8966 6.75765 1.584 0.960164 76.0594 78.7015 94.9241 15.3183 57.8228 73.7252 94.7662 91.2512 6.42128 29.8802 15.9944 27.9369 96.1829 11.2775
89.5165 83.9061 88.7985 85.3012 81.1674 74.9026 92.7322 88.9361 87.9261 89.2392 0 154.127 45.5054 174.123 90.6877 84.1323 0 15.3904 81.8742 188.567 78.3811 11.1283 105.962 45.2449 180.293 5.547 77.1667 78.6069 78.9036 0 90.6112
62.1264 116.496 65.5204 86.7412 88.207 96.8537 64.5085 66.4159 47.0441 62.4802 154.127 0 117.005 22.0329 52.2213 63.5187 46.0005 130.833 108.896 63.5844 76.3176 118.867 108.205 142.323 53.5066 53.0387 91.7595 75.6885 34.7647 159.665 34.006
75.4101 14.0046 75.5333 83.0588 79.0611 80.3226 81.1537 77.0499 75.8119 74.8002 45.5054 117.005 0 148.067 79.7878 78.1775 0.11368 3.27716 19.3456 157.705 81.0363 59.4783 89.5505 18.8332 141.254 0.4049 87.1035 82.3218 27.7594 44.6632 95.5724
75.628 146.293 76.9772 96.1617 98.8496 103.408 78.6995 81.9525 65.6465 75.8966 174.123 22.0329 148.067 0 71.0444 77.6497 82.8479 158.147 141.288 1 87.4761 154.154 111.932 162.962 1.64616 78.8409 105.61 87.9733 86.8955 181.832 55.4073
5.6875 84.2577 11.0635 25.5916 25.6056 36.9366 1.93793 1.90687 0 6.75765 90.6877 52.2213 79.7878 71.0444 0 4.63552 5.30379 77.6868 79.0675 98.3279 15.9257 57.0097 81.2946 98.2227 94.8414 9.14224 31.9113 15.0055 26.9557 96.6608 6.60656
1.584 87.3862 6.4278 13.7315 13.7333 24.7427 1.8979 2.13572 0 1.584 84.1323 63.5187 78.1775 77.6497 4.63552 0 1.32526 75.5667 84.1651 102.819 3.2973 45.7548 74.0986 95.6077 101.246 6.77491 18.6734 5.14698 38.9126 90.2003 10.0044
1.31379 4.64867 6.93589 7.84569 4.69593 1.31379 7.82106 4.69593 2.25079 0.960164 0 46.0005 0.11368 82.8479 5.30379 1.32526 0 0 0 165.632 1.31379 83.9139 115.387 43.7392 148.439 0 52.5106 37.6769 0.0781937 3.76633 22.5183
76.6646 44.6211 76.3524 81.3818 77.3003 75.6543 82.162 77.8489 86.2148 76.0594 15.3904 130.833 3.27716 158.147 77.6868 75.5667 0 0 45.0953 168.8 76.6057 25.8641 93.6216 29.8933 156.464 0.5751 78.9365 77.7661 48.4758 11.9689 95.5079
79.017 0 81.1555 96.3371 92.929 98.6056 84.8767 80.9781 84.8678 78.7015 81.8742 108.896 19.3456 141.288 79.0675 84.1651 0 45.0953 0 153.4 90.118 94.3611 111.372 56.8557 134.484 2.625 101.804 89.9196 11.1283 91.6936 90.6564
95.5815 154.031 93.7879 115.541 118.106 120.776 99.8613 102.815 91.2724 94.9241 188.567 63.5844 157.705 1 98.3279 102.819 165.632 168.8 153.4 0 105.014 144.576 92.2428 170.326 5.29016 93.5513 114.891 107.594 88.8032 190.963 63.4039
15.3183 93.9673 13.1427 2.00909 2.24691 0.5714 6.81862 7.02465 0 15.3183 78.3811 76.3176 81.0363 87.4761 15.9257 3.2973 1.31379 76.6057 90.118 105.014 0 32.3665 74.9963 95.6077 112.716 6.77491 7.32819 4.20501 52.1557 84.579 10.0044
57.517 91.6554 56.0753 21.826 20.4525 21.7099 44.8371 44.167 33.7067 57.8228 11.1283 118.867 59.4783 154.154 57.0097 45.7548 83.9139 25.8641 94.3611 144.576 32.3665 0 106.913 56.3579 177.965 12.5179 69.2837 70.4971 81.982 18.4547 80.7646
75.6735 98.3717 68.2706 79.3961 79.4867 78.3119 78.9047 78.9832 79.8342 73.7252 105.962 108.205 89.5505 111.932 81.2946 74.0986 115.387 93.6216 111.372 92.2428 74.9963 106.913 0 105.047 83.566 65.6364 76.133 80.5761 89.7812 120.329 84.5715
95.8512 38.1821 94.0775 102.064 98.3375 95.8625 102.083 98.3375 106.14 94.7662 45.2449 142.323 18.8332 162.962 98.2227 95.6077 43.7392 29.8933 56.8557 170.326 95.6077 56.3579 105.047 0 159.02 32.072 96.7178 101.101 66.0011 54.7874 116.21
92.0139 134.961 90.8852 115.194 116.948 122.468 96.0945 98.2007 82.4011 91.2512 180.293 53.5066 141.254 1.64616 94.8414 101.246 148.439 156.464 134.484 5.29016 112.716 177.965 83.566 159.02 0 85.8227 118.834 110.639 95.8447 186.266 72.126
6.78991 7.13221 7.58782 12.6513 8.88934 6.78991 12.6712 8.88934 7.71191 6.42128 5.547 53.0387 0.4049 78.8409 9.14224 6.77491 0 0.5751 2.625 93.5513 6.77491 12.5179 65.6364 32.072 85.8227 0 15.5378 27.6874 76.2949 6.97023 30.7487
30.2833 104.054 26.8152 8.69882 9.25365 4.701 21.6122 21.5277 0 29.8802 77.1667 91.7595 87.1035 105.61 31.9113 18.6734 52.5106 78.9365 101.804 114.891 7.32819 69.2837 76.133 96.7178 118.834 15.5378 0 11.505 56.4166 83.4317 15.1139
15.4242 94.85 16.1017 0.546291 0.342803 11.8705 2.14523 1.96953 0 15.9944 78.6069 75.6885 82.3218 87.9733 15.0055 5.14698 37.6769 77.7661 89.9196 107.594 4.20501 70.4971 80.5761 101.101 110.639 27.6874 11.505 0 51.4484 84.9086 6.60656
27.578 18.4547 32.6395 51.3841 51.0299 62.8616 27.7566 27.2037 14.5876 27.9369 78.9036 34.7647 27.7594 86.8955 26.9557 38.9126 0.0781937 48.4758 11.1283 88.8032 52.1557 81.982 89.7812 66.0011 95.8447 76.2949 56.4166 51.4484 0 123.526 90.8201
96.4668 85.3473 95.7225 92.031 87.9493 81.4782 100.008 95.9854 94.7399 96.1829 0 159.665 44.6632 181.832 96.6608 90.2003 3.76633 11.9689 91.6936 190.963 84.579 18.4547 120.329 54.7874 186.266 6.97023 83.4317 84.9086 123.526 0 97.1518
9.53648 96.5667 15.152 5.91884 10.1368 9.53648 5.91884 10.1368 8.93261 11.2775 90.6112 34.006 95.5724 55.4073 6.60656 10.0044 22.5183 95.5079 90.6564 63.4039 10.0044 80.7646 84.5715 116.21 72.126 30.7487 15.1139 6.60656 90.8201 97.1518 0
