68
1 73 20 folded_blanket
2 22 4 ceiling_lamp
3 18 120 closet
4 72 20 folded_blanket
5 71 20 folded_blanket
6 70 20 folded_blanket
7 45 20 folded_blanket
8 53 120 closet
9 68 20 folded_blanket
10 84 20 folded_blanket
11 66 20 folded_blanket
12 65 20 folded_blanket
13 9 32 window_set
14 92 10 table_lamp
15 8 32 window_set
16 94 8 pillow
17 96 8 pillow
18 97 10 table_lamp
19 100 39 door
20 111 8 pillow
21 113 119 nightstand
22 115 35 curtain
23 117 119 nightstand
24 104 35 curtain
25 125 8 pillow
26 127 8 pillow
27 4 7 bed_frame
28 87 6 mattress
29 88 8 pillow
30 64 20 folded_blanket
31 63 20 folded_blanket
32 62 20 folded_blanket
33 12 20 folded_blanket
34 60 20 folded_blanket
35 76 20 folded_blanket
36 10 20 folded_blanket
37 74 20 folded_blanket
38 83 20 folded_blanket
39 15 20 folded_blanket
40 51 20 folded_blanket
41 50 20 folded_blanket
42 49 20 folded_blanket
43 77 20 folded_blanket
44 78 20 folded_blanket
45 13 20 folded_blanket
46 80 20 folded_blanket
47 14 20 folded_blanket
48 82 20 folded_blanket
49 48 20 folded_blanket
50 25 20 folded_blanket
51 11 20 folded_blanket
52 27 20 folded_blanket
53 28 20 folded_blanket
54 29 20 folded_blanket
55 30 20 folded_blanket
56 31 20 folded_blanket
57 47 20 folded_blanket
58 33 20 folded_blanket
59 86 20 folded_blanket
60 35 20 folded_blanket
61 36 20 folded_blanket
62 37 20 folded_blanket
63 38 20 folded_blanket
64 39 20 folded_blanket
65 41 20 folded_blanket
66 42 20 folded_blanket
67 43 20 folded_blanket
68 85 20 folded_blanket
0 87.9011 3.31615 4.06758 4.7392 0.89211 66.2399 0.698987 0 32.9385 15.2775 17.0902 60.1872 130.708 107.655 112.841 117.76 140.705 36.9069 105.758 125.819 102.029 132.589 54.4436 127.195 123.821 66.0532 62.0479 116.04 14.5251 19.2643 17.8877 21.6811 13.7759 23.4274 40.0946 0 32.1893 55.6358 67.5423 67.3256 66.2724 21.9869 21.1879 69.6219 35.5036 59.7243 33.6909 64.3905 51.9467 2.42653 54.0651 53.9341 53.8238 53.0683 53.3763 66.0606 58.6791 37.6777 59.6209 58.7163 60.3966 59.4582 58.8143 51.1521 50.5017 50.1214 36.3011
87.9011 0 39.7619 95.9625 96.0254 94.2398 67.7782 40.4374 93.2605 71.5619 73.9276 72.9262 68.0576 89.1373 59.5443 71.5058 71.2242 88.5766 47.9475 71.4391 96.5401 54.277 94.3716 61.6257 71.6994 72.7197 77.2017 76.177 71.3591 75.6217 70.3248 72.4072 70.2841 75.5593 105.754 67.8071 84.3947 71.1818 73.1007 66.1167 67.8613 70.4062 104.561 103.955 66.5321 69.2525 90.8954 70.1783 69.6456 77.9168 90.3197 75.0942 72.9766 78.2784 75.4311 76.5502 68.897 93.6234 67.5767 94.7588 96.3139 96.5759 93.1367 90.8711 107.5 106.34 105.672 69.1697
3.31615 39.7619 0 37.0107 35.2793 36.1709 0.242623 0 35.374 55.9648 49.5547 49.5183 103.468 139.029 124.957 110.982 110.273 121.394 0.382777 98.811 133.017 119.14 113.429 97.1007 116.537 122.437 99.522 52.4153 105.719 50.0306 50.473 50.4046 52.472 48.1692 46.1615 60.4873 35.5709 54.2313 15.2505 0.111202 0.508782 0.749199 45.6537 45.3941 0.719735 56.5388 0.909993 55.8786 0 0 36.9247 17.3195 14.9932 0.749199 3.62056 1.5016 1.68777 0.432778 58.0835 1.5017 0 0.7493 0.699037 0.301464 0 0 0 57.5156
4.06758 95.9625 37.0107 0 0 0 67.8023 0.7493 1.8126 36.9253 19.2643 21.077 61.0705 131.225 108.473 113.227 118.103 140.736 36.2352 106.163 126.016 103.076 132.337 55.2974 127.382 124.064 65.862 61.0424 116.271 18.5119 23.2511 21.8745 25.6679 17.7627 19.3787 44.0814 3.9868 36.1761 56.5871 69.199 68.9003 67.6642 17.9354 17.1493 71.3557 39.4904 59.216 37.6777 65.798 52.3837 6.4036 54.7713 54.7519 54.2748 53.7402 53.897 67.5094 57.9008 41.6645 58.7746 57.7181 59.4582 58.7096 58.1445 48.7057 48.1424 47.8171 40.2879
4.7392 96.0254 35.2793 0 0 0.752399 69.6561 0 2.56964 37.6777 20.0167 21.8294 59.2326 130.369 107.328 112.723 117.553 140.909 37.6926 105.595 125.138 102.023 132.451 53.4545 127.117 123.534 64.7693 60.4393 116.093 19.2643 24.0035 22.6269 26.4203 18.5151 18.7833 44.8338 4.74803 36.9285 58.4793 71.0428 70.753 69.5336 17.3332 16.4487 73.1904 40.2428 61.0298 38.4301 67.666 54.2759 7.2479 56.6671 56.6468 56.1673 55.6359 55.7911 69.374 59.6676 42.4169 60.5193 59.4582 61.1983 60.4851 59.9353 50.0172 49.4908 49.188 41.0403
0.89211 94.2398 36.1709 0 0.752399 0 67.3283 1.5017 0 35.1127 17.4517 19.2644 60.2825 130.658 107.717 112.777 117.668 140.589 36.7541 105.694 125.6 102.223 132.317 54.5257 127.077 123.681 65.5863 61.6952 115.955 16.6993 21.4385 20.0619 23.8553 15.9501 21.2534 42.2688 2.1742 34.3635 56.4071 68.6786 68.4206 67.2745 19.814 19.0137 70.7977 37.6778 59.7291 35.8651 65.3998 52.448 4.59197 54.7084 54.6352 54.3338 53.693 53.9224 67.0915 58.5561 39.8519 59.4582 58.4581 60.1692 59.3406 58.7315 50.0782 49.4774 49.1283 38.4753
66.2399 67.7782 0.242623 67.8023 69.6561 67.3283 0 40.9747 58.2313 49.0847 57.1373 55.9535 114.329 154.189 138.419 125.372 122.898 133.141 12.2052 113.015 151.101 132.971 128.961 108.886 128.33 135.606 79.653 75.5639 118.85 58.597 54.6921 56.0624 55.3457 57.2911 79.269 48.0325 55.7443 47.4302 12.9673 1.38322 0 3.05413 78.1849 77.5991 3.92215 47.1565 33.41 48.137 3.3626 21.776 56.0213 17.0368 14.62 21.0236 18.4134 19.2109 0 37.7786 47.0415 38.649 41.1228 40.5213 36.473 34.0075 59.8236 58.3735 57.489 47.7306
0.698987 40.4374 0 0.7493 0 1.5017 40.9747 0 0.43277 0.749199 1.5016 3.62054 46.8236 125.557 94.5173 104.769 109.547 128.202 31.5742 97.5457 119.88 88.6326 119.656 19.4991 116.976 115.588 99.4888 53.0549 105.744 0.749199 14.9932 17.3195 15.2504 0 0 0.719735 0.301457 0 47.8665 53.4728 55.4691 60.0459 0 0 53.8503 0.242619 48.1747 1.68778 58.1822 42.6345 0.909929 45.5542 45.721 44.5882 44.4029 44.3029 59.9868 46.4653 0.111202 47.2966 46.1642 48.0039 47.4047 46.8704 36.8629 36.2389 35.8921 0.508778
0 93.2605 35.374 1.8126 2.56964 0 58.2313 0.43277 0 34.3152 16.6542 18.4669 59.2758 130.04 106.909 112.331 117.216 140.519 37.4725 105.217 125.061 101.389 132.3 53.5277 126.776 123.265 63.271 61.3212 115.683 15.9018 20.641 19.2644 23.0578 15.1526 22.1458 41.4713 1.38332 33.566 56.898 68.9605 68.728 67.6375 20.6957 19.8112 71.0549 36.8803 60.5734 35.0676 65.7584 53.0749 3.92214 55.2656 55.1627 54.9568 54.2595 54.5279 67.4375 59.4582 39.0544 60.3656 59.3991 61.0997 60.2373 59.6093 51.2353 50.6254 50.2702 37.6778
32.9385 71.5619 55.9648 36.9253 37.6777 35.1127 49.0847 0.749199 34.3152 0 16.6007 15.8032 58.2496 134.782 107.519 117.167 121.728 145.55 38.9067 110.829 132.574 101.942 139.998 52.7422 131.182 127.294 79.5653 74.2574 120.675 18.4134 12.0098 14.4266 10.3571 19.1658 57.1545 6.4037 31.3014 0 54.3805 58.1445 58.7097 59.4582 55.7092 54.8788 59.2161 1.8127 68.8001 0 57.7182 55.455 30.5787 54.9006 53.6878 56.8428 54.5321 55.6289 58.7746 70.041 3.9868 71.2216 71.6533 72.7352 70.044 68.3409 74.2809 73.1698 72.4979 2.6102
15.2775 73.9276 49.5547 19.2643 20.0167 17.4517 57.1373 1.5016 16.6542 16.6007 0 0 51.5393 128.511 103.3 112.152 117.211 143.286 44.3798 105.172 125.183 96.9024 136.427 45.9102 127.729 123.548 68.1528 64.5679 116.991 0 2.1741 0.797501 4.59187 0.752399 40.6127 23.7181 16.5576 15.7913 59.7291 67.5837 67.7945 67.7033 39.1626 38.2781 69.1702 19.0233 69.4143 17.5457 65.837 58.4581 16.3844 59.3405 58.7315 60.1691 58.5561 59.4582 67.2207 69.4927 21.1657 70.5763 70.3141 71.7456 69.8947 68.7142 67.3583 66.494 65.9769 19.9986
17.0902 72.9262 49.5183 21.077 21.8294 19.2644 55.9535 3.62054 18.4669 15.8032 0 0 50.531 128.069 102.577 111.874 116.923 143.383 45.165 104.914 124.834 96.2302 136.586 44.9096 127.598 123.207 68.0088 64.4661 116.905 3.05414 1.38322 0 3.92207 3.3626 41.4102 23.1889 17.6875 15.3321 60.5734 68.2079 68.4413 68.4009 39.9601 39.0756 69.7638 18.5091 70.4612 17.1193 66.5395 59.3992 17.5386 60.2374 59.6094 61.0998 59.4583 60.3656 67.9053 70.5763 20.6268 71.6638 71.4209 72.8439 70.9667 69.7683 68.5589 67.6929 67.1746 19.5136
60.1872 68.0576 103.468 61.0705 59.2326 60.2825 114.329 46.8236 59.2758 58.2496 51.5393 50.531 0 79.8994 34.6977 81.5688 82.5019 138.137 93.0733 82.7103 62.513 33.1414 125.303 0 101.816 83.7702 0 0 99.8785 75.6371 71.3885 73.114 71.9829 74.4868 83.1202 59.7341 85.4712 72.9357 121.484 123.628 124.619 125.955 82.7088 82.5269 117.007 72.1455 133.092 73.2814 124.238 122.426 85.9235 122.052 120.709 123.967 121.521 122.707 124.945 133.755 71.6519 134.826 134.047 135.775 133.973 132.414 124.679 124.405 124.284 72.8252
130.708 89.1373 139.029 131.225 130.369 130.658 154.189 125.557 130.04 134.782 128.511 128.069 79.8994 0 16.3279 22.553 18.5745 80.9591 129.482 30.6806 0 1.43764 82.1799 63.7278 40.441 11.9115 5.75425 16.2394 45.9562 131.073 130.447 130.864 131.2 130.236 132.489 136.961 133.42 134.911 150.436 156.37 156.83 156.948 132.317 132.292 157.644 135.291 156.12 135.54 155.426 149.139 133.986 150.057 149.438 150.559 149.133 149.9 156.375 155.345 135.87 156.27 155.743 157.116 156.15 155.305 149.264 149.111 149.089 136.118
107.655 59.5443 124.957 108.473 107.328 107.717 138.419 94.5173 106.909 107.519 103.3 102.577 34.6977 16.3279 0 33.7882 49.4576 96.886 116.658 39.4919 14.7819 0.110047 96.7711 25.7966 56.0755 27.9857 26.9346 30.7712 59.9303 109.984 107.058 108.306 107.566 109.147 105.264 108.679 108.69 108.872 138.15 141.083 142.033 143.191 105.04 104.982 141.966 108.235 143.684 109.088 141.632 138.892 109.426 138.634 137.382 140.291 138.016 139.124 142.24 142.728 107.998 143.734 143.005 144.613 143.616 142.766 134.376 134.2 134.155 108.884
112.841 71.5058 110.982 113.227 112.723 112.777 125.372 104.769 112.331 117.167 112.152 111.874 81.5688 22.553 33.7882 0 0 42.4053 90.9199 0 16.7588 28.73 37.6888 62.3272 11.8317 4.51959 14.9878 0 3.75566 112.351 117.359 112.313 112.753 111.669 117.366 123.393 119.286 121.275 119.581 126.025 126.292 126.03 117.269 117.31 127.377 121.725 123.177 121.79 124.688 117.997 119.724 119.006 118.547 119.205 118.128 118.672 125.599 122.056 122.351 122.819 122.285 123.472 122.873 122.433 117.02 116.928 116.951 122.462
117.76 71.2242 110.273 118.103 117.553 117.668 122.898 109.547 117.216 121.728 117.211 116.923 82.5019 18.5745 49.4576 0 0 18.2289 98.3753 4.10905 12.0579 27.7385 11.5316 64.7289 0 0 9.5524 0 0 117.071 116.983 117.216 117.871 116.327 121.999 124.115 117.303 121.622 119.225 125.513 125.582 124.972 121.942 122.003 126.84 122.238 119.928 122.203 123.949 117.348 117.782 118.488 118.239 118.322 117.724 117.974 124.716 119.099 122.968 119.696 119.343 120.214 119.791 119.27 116.562 116.492 121.831 123.004
140.705 88.5766 121.394 140.736 140.909 140.589 133.141 128.202 140.519 145.55 143.286 143.383 138.137 80.9591 96.886 42.4053 18.2289 0 84.1188 40.1606 83.0436 99.8791 0 135.379 21.4583 48.9624 11.951 16.9908 29.3644 146.628 145.311 145.94 146.287 145.283 147.162 148.352 143.309 146.388 130.437 134.294 134.449 134.119 147.01 147.008 135.27 146.654 131.77 147.157 133.369 129.574 144.04 130.118 129.738 130.304 129.471 129.887 133.849 131.484 147.115 132.008 132.05 132.575 131.944 131.35 131.996 131.826 131.824 147.543
36.9069 47.9475 0.382777 36.2352 37.6926 36.7541 12.2052 31.5742 37.4725 38.9067 44.3798 45.165 93.0733 129.482 116.658 90.9199 98.3753 84.1188 0 103.132 126.7 109.088 74.3454 86.7911 116.696 120.065 79.6049 40.6911 108.457 74.9732 42.5952 44.7619 42.9222 73.1952 72.2593 30.4632 64.9197 32.7307 32.2699 25.4092 27.0134 29.5638 72.2845 72.3102 26.1217 31.0572 12.7567 32.3602 28.4076 10.6051 65.8551 34.7208 32.2739 11.1431 35.3915 36.5914 27.9995 12.1285 29.7092 12.6215 12.3646 13.0441 12.7305 12.2653 8.43981 8.62984 8.81989 31.2522
105.758 71.4391 98.811 106.163 105.595 105.694 113.015 97.5457 105.217 110.829 105.172 104.914 82.7103 30.6806 39.4919 0 4.10905 40.1606 103.132 0 22.5262 35.7704 22.8411 62.4622 19.2961 20.3825 15.93 0 0 105.288 105.137 105.39 106.08 104.47 105.322 113.896 105.316 109.816 109.767 116.647 116.813 116.35 105.158 105.161 118.084 111.772 112.255 111.646 115.071 107.945 105.773 109.053 108.684 109.079 108.186 108.611 115.991 111.397 112.616 112.149 111.708 112.821 112.168 111.533 107.576 107.432 107.424 112.577
125.819 96.5401 133.017 126.016 125.138 125.6 151.101 119.88 125.061 132.574 125.183 124.834 62.513 0 14.7819 16.7588 12.0579 83.0436 126.7 22.5262 0 16.7826 71.0074 60.5562 36.6865 15.0432 0 0 45.7436 140.647 140.713 140.916 141.722 139.803 121.426 149.297 140.85 146.436 157.539 164.956 165.235 164.952 121.451 121.549 166.429 147.19 160.573 147.178 163.449 155.375 141.587 156.732 156.305 156.796 155.75 156.259 164.497 159.314 148 160.082 159.343 160.738 160.226 159.603 137.063 137.085 137.172 148.053
102.029 54.277 119.14 103.076 102.023 102.223 132.971 88.6326 101.389 101.942 96.9024 96.2302 33.1414 1.43764 0.110047 28.73 27.7385 99.8791 109.088 35.7704 16.7826 0 94.4673 30.062 56.4344 28.7904 32.8904 26.791 59.7934 105.614 103.521 104.067 97.2918 104.476 99.0942 103.549 109.171 101.38 133.484 133.599 134.147 134.461 98.8489 98.7785 134.909 101.754 142.834 102.154 132.736 134.557 109.868 133.185 132.47 136.204 134.633 135.483 133.799 141.983 102.338 142.999 142.341 143.912 142.837 141.938 127.527 127.337 127.282 102.681
132.589 94.3716 113.429 132.337 132.451 132.317 128.961 119.656 132.3 139.998 136.427 136.586 125.303 82.1799 96.7711 37.6888 11.5316 0 74.3454 22.8411 71.0074 94.4673 0 136.413 37.0942 62.3618 0.484589 0 37.4749 145.296 145.021 145.335 146.542 143.747 137.124 152.279 138.194 148.632 124.625 130.617 130.572 129.772 137.287 137.454 131.96 149.634 122.708 149.734 128.872 122.524 139.409 123.713 123.53 123.426 122.934 123.098 129.599 121.761 150.547 122.152 121.864 122.546 122.391 122.031 119.51 119.535 119.641 150.661
54.4436 61.6257 97.1007 55.2974 53.4545 54.5257 108.886 19.4991 53.5277 52.7422 45.9102 44.9096 0 63.7278 25.7966 62.3272 64.7289 135.379 86.7911 62.4622 60.5562 30.062 136.413 0 143.478 131.178 39.4434 37.7995 137.714 63.7314 58.7638 60.7066 59.1806 62.7544 89.0023 57.6302 77.3795 58.768 113.513 114.852 115.844 117.285 87.7633 87.0181 115.67 57.7563 128.113 58.9314 115.651 114.822 77.6312 114.203 112.844 116.253 113.842 114.985 116.276 129.001 56.878 130.194 130.358 131.63 129.174 127.56 128.891 128.038 127.529 58.2012
127.195 71.6994 116.537 127.382 127.117 127.077 128.33 116.976 126.776 131.182 127.729 127.598 101.816 40.441 56.0755 11.8317 0 21.4583 116.696 19.2961 36.6865 56.4344 37.0942 143.478 0 0 0 0 5.09164 133.886 133.263 133.688 134.32 132.684 131.503 138.86 130.992 136.335 127.994 133.891 133.961 133.371 131.462 131.528 135.149 136.884 128.439 137.1 132.423 126.328 131.719 127.299 127.062 127.126 126.569 126.799 133.128 127.64 137.549 128.199 127.88 128.683 128.303 127.812 125.404 125.358 125.412 137.766
123.821 72.7197 122.437 124.064 123.534 123.681 135.606 115.588 123.265 127.294 123.548 123.207 83.7702 11.9115 27.9857 4.51959 0 48.9624 120.065 20.3825 15.0432 28.7904 62.3618 131.178 0 0 0 0 12.7521 126.163 125.938 126.219 125.127 125.329 121.63 132.072 124.917 129.34 132.692 139.693 139.908 139.526 121.576 121.64 141.123 130.064 134.638 129.968 138.177 130.728 125.414 131.939 131.553 131.964 131.029 131.476 139.13 133.645 130.859 134.383 133.833 134.997 134.455 133.842 128.184 128.145 128.201 130.849
66.0532 77.2017 99.522 65.862 64.7693 65.5863 79.653 99.4888 63.271 79.5653 68.1528 68.0088 0 5.75425 26.9346 14.9878 9.5524 11.951 79.6049 15.93 0 32.8904 0.484589 39.4434 0 0 0 0 13.5116 82.4209 82.4247 82.6338 84.185 80.7403 74.6494 91.7429 68.3977 85.6317 70.0608 113.481 113.387 112.302 74.7998 74.9619 115.605 88.4742 65.667 86.9297 110.454 66.2353 75.3365 68.2759 68.4932 67.1375 67.3962 67.0595 112.026 99.1795 89.6891 99.7697 98.5561 100.389 100.294 99.8535 59.1838 59.3739 59.5785 89.5683
62.0479 76.177 52.4153 61.0424 60.4393 61.6952 75.5639 53.0549 61.3212 74.2574 64.5679 64.4661 0 16.2394 30.7712 0 0 16.9908 40.6911 0 0 26.791 0 37.7995 0 0 0 0 0 64.3717 65.4171 65.3153 66.5633 63.3557 57.2089 78.1661 61.6004 73.2929 73.967 85.6087 85.095 83.2397 57.1654 57.2307 87.6782 74.9549 63.3611 74.3043 82.0802 63.1335 62.4043 65.0021 65.1077 64.3179 64.1138 63.9301 83.3288 61.7733 76.3371 62.1741 61.578 62.6234 62.6053 62.2745 59.9964 59.8108 59.787 75.8847
116.04 71.3591 105.719 116.271 116.093 115.955 118.85 105.744 115.683 120.675 116.991 116.905 99.8785 45.9562 59.9303 3.75566 0 29.3644 108.457 0 45.7436 59.7934 37.4749 137.714 5.09164 12.7521 13.5116 0 0 116.49 115.699 116.156 116.542 115.523 114.124 120.957 114.094 118.779 113.578 119.376 119.53 119.096 114.032 114.074 120.649 119.204 115.661 119.4 118.026 112.16 114.698 113.021 112.673 113.065 112.263 112.647 118.777 114.787 119.807 115.444 115.352 116.254 115.477 115.047 112.534 112.439 112.462 120.012
14.5251 75.6217 50.0306 18.5119 19.2643 16.6993 58.597 0.749199 15.9018 18.4134 0 3.05414 75.6371 131.073 109.984 112.351 117.071 146.628 74.9732 105.288 140.647 105.614 145.296 63.7314 133.886 126.163 82.4209 64.3717 116.49 0 3.9868 2.6102 6.4036 0 38.8 25.3339 14.6363 17.3648 59.216 67.5125 67.6801 67.4904 37.3499 36.4654 69.1555 20.6364 68.399 19.0793 65.6154 57.7182 14.4854 58.7096 58.1445 59.4582 57.9008 58.7746 67.0336 68.3699 22.7961 69.4413 69.118 70.5762 68.8071 67.6788 65.7281 64.8827 64.3775 21.5811
19.2643 70.3248 50.473 23.2511 24.0035 21.4385 54.6921 14.9932 20.641 12.0098 2.1741 1.38322 71.3885 130.447 107.058 117.359 116.983 145.311 42.5952 105.137 140.713 103.521 145.021 58.7638 133.263 125.938 82.4247 65.4171 115.699 3.9868 0 0 0 7.156 45.2036 19.541 21.0313 11.8104 60.3194 67.0741 67.3876 67.5341 43.7535 42.869 68.5203 14.8933 71.2231 13.631 65.6951 59.6 20.7757 60.1507 59.4583 61.2445 59.4442 60.3999 66.9909 71.5767 16.9752 72.6891 72.5858 73.9447 71.8876 70.5763 70.8105 69.8938 69.3435 15.9293
17.8877 72.4072 50.4046 21.8745 22.6269 20.0619 56.0624 17.3195 19.2644 14.4266 0.797501 0 73.114 130.864 108.306 112.313 117.216 145.94 44.7619 105.39 140.916 104.067 145.335 60.7066 133.688 126.219 82.6338 65.3153 116.156 2.6102 0 0 2.42655 4.7392 42.7868 21.6491 18.563 13.7692 59.7244 67.0718 67.3298 67.3481 41.3367 40.4522 68.5951 16.9628 70.0045 15.5501 65.4933 58.7164 18.3333 59.4582 58.8144 60.3966 58.6792 59.6209 66.8372 70.2194 19.0898 71.3178 71.135 72.5307 70.5763 69.3305 68.7874 67.8949 67.36 17.9588
21.6811 70.2841 52.472 25.6679 26.4203 23.8553 55.3457 15.2504 23.0578 10.3571 4.59187 3.92207 71.9829 131.2 107.566 112.753 117.871 146.287 42.9222 106.08 141.722 97.2918 146.542 59.1806 134.32 125.127 84.185 66.5633 116.542 6.4036 0 2.42655 0 7.8419 45.8959 17.8389 20.3251 9.85803 48.8788 55.8627 56.1391 56.2029 44.4431 43.5566 57.4058 13.1741 60.2831 11.4814 54.333 48.2617 18.6773 48.7216 48.0177 49.8817 48.0325 49.0001 55.6649 60.8722 15.3522 62.0218 62.0898 63.3777 61.1069 59.6699 62.4331 61.3913 60.7641 14.0463
13.7759 75.5593 48.1692 17.7627 18.5151 15.9501 57.2911 0 15.1526 19.1658 0.752399 3.3626 74.4868 130.236 109.147 111.669 116.327 145.283 73.1952 104.47 139.803 104.476 143.747 62.7544 132.684 125.329 80.7403 63.3557 115.523 0 7.156 4.7392 7.8419 0 38.0476 26.4663 14.9258 18.5551 61.0298 69.4038 69.5681 69.3673 36.5975 35.713 71.0498 21.7748 69.9853 20.3154 67.4913 59.4583 14.9135 60.4852 59.9354 61.1983 59.6677 60.5193 68.9139 69.8838 23.9099 70.946 70.5763 72.0549 70.3455 69.2525 66.7085 65.8922 65.4051 22.7582
23.4274 105.754 46.1615 19.3787 18.7833 21.2534 79.269 0 22.1458 57.1545 40.6127 41.4102 83.1202 132.489 105.264 117.366 121.999 147.162 72.2593 105.322 121.426 99.0942 137.124 89.0023 131.503 121.63 74.6494 57.2089 114.124 38.8 45.2036 42.7868 45.8959 38.0476 0 63.6171 23.5225 55.7118 67.3841 82.3467 81.729 79.7919 0 1.4501 84.7492 59.0261 63.2926 57.2134 78.0547 61.2775 25.9393 64.6527 65.0996 63.1013 63.5408 63.0473 79.8742 60.5214 61.2002 60.7078 59.2066 61.0965 61.5452 61.497 42.8069 42.8314 42.905 59.8236
40.0946 67.8071 60.4873 44.0814 44.8338 42.2688 48.0325 0.719735 41.4713 6.4037 23.7181 23.1889 59.7341 136.961 108.679 123.393 124.115 148.352 30.4632 113.896 149.297 103.549 152.279 57.6302 138.86 132.072 91.7429 78.1661 120.957 25.3339 19.541 21.6491 17.8389 26.4663 63.6171 0 38.847 8.3253 49.7157 50.8246 51.5786 52.8043 63.1434 62.3464 51.6745 4.9627 66.4598 5.7866 51.1993 52.1951 37.6878 50.7767 49.1861 53.3433 50.6937 51.8838 51.8964 68.3458 0 69.5484 70.3745 71.2207 68.1144 66.1566 76.2294 74.9973 74.2485 3.5861
0 84.3947 35.5709 3.9868 4.74803 2.1742 55.7443 0.301457 1.38332 31.3014 16.5576 17.6875 85.4712 133.42 108.69 119.286 117.303 143.309 64.9197 105.316 140.85 109.171 138.194 77.3795 130.992 124.917 68.3977 61.6004 114.094 14.6363 21.0313 18.563 20.3251 14.9258 23.5225 38.847 0 29.7725 55.3424 66.7704 66.6074 65.6745 24.4657 23.6047 68.7966 33.0868 60.3193 31.2741 63.7857 51.9869 0 53.9308 53.7299 53.8497 52.9584 53.3601 65.4262 59.4442 35.2609 60.3999 59.5999 61.2444 60.1507 59.4582 52.8677 52.1715 51.7622 33.8843
32.1893 71.1818 54.2313 36.1761 36.9285 34.3635 47.4302 0 33.566 0 15.7913 15.3321 72.9357 134.911 108.872 121.275 121.622 146.388 32.7307 109.816 146.436 101.38 148.632 58.768 136.335 129.34 85.6317 73.2929 118.779 17.3648 11.8104 13.7692 9.85803 18.5551 55.7118 8.3253 29.7725 0 55.9364 59.9354 60.4852 61.1983 55.0109 54.1264 61.0298 2.56974 70.0391 0.752403 59.4582 56.8428 30.0907 56.3941 55.2268 58.2593 55.9928 57.0785 60.5193 71.1868 4.74803 72.3621 72.7352 73.85 71.2233 69.5592 74.8332 73.7453 73.0878 3.48974
55.6358 73.1007 15.2505 56.5871 58.4793 56.4071 12.9673 47.8665 56.898 54.3805 59.7291 60.5734 121.484 150.436 138.15 119.581 119.225 130.437 32.2699 109.767 157.539 133.484 124.625 113.513 127.994 132.692 70.0608 73.967 113.578 59.216 60.3194 59.7244 48.8788 61.0298 67.3841 49.7157 55.3424 55.9364 0 15.3522 14.0463 10.8814 72.6502 72.1797 17.8389 54.6753 18.6773 55.2352 9.85803 7.8419 54.3315 3.1027 0 7.10072 4.4793 5.30702 11.4814 24.0381 55.1119 23.9222 27.3437 25.7606 21.7644 20.3251 45.8959 44.4431 43.5566 55.4462
67.5423 66.1167 0.111202 69.199 71.0428 68.6786 1.38322 53.4728 68.9605 58.1445 67.5837 68.2079 123.628 156.37 141.083 126.025 125.513 134.294 25.4092 116.647 164.956 133.599 130.617 114.852 133.891 139.693 113.481 85.6087 119.376 67.5125 67.0741 67.0718 55.8627 69.4038 82.3467 50.8246 66.7704 59.9354 15.3522 0 0 6.56593 81.1324 80.5308 0 47.4436 37.1388 48.4835 7.1561 25.5695 58.454 20.8303 18.4135 24.8171 22.2069 23.0044 4.65462 41.5541 47.1565 42.4155 44.9017 44.2818 40.2386 37.7786 63.6171 62.167 61.2825 47.9268
67.3256 67.8613 0.508782 68.9003 70.753 68.4206 0 55.4691 68.728 58.7097 67.7945 68.4413 124.619 156.83 142.033 126.292 125.582 134.449 27.0134 116.813 165.235 134.147 130.572 115.844 133.961 139.908 113.387 85.095 119.53 67.6801 67.3876 67.3298 56.1391 69.5681 81.729 51.5786 66.6074 60.4852 14.0463 0 0 4.06758 79.7301 79.142 2.42664 47.9356 34.6453 48.9578 4.7392 23.1526 57.4683 18.4134 15.9966 22.4002 19.79 20.5875 0.892101 39.1045 47.8004 39.9559 42.4561 41.8167 37.7785 35.3242 61.1949 59.7501 58.8656 48.5097
66.2724 70.4062 0.749199 67.6642 69.5336 67.2745 3.05413 60.0459 67.6375 59.4582 67.7033 68.4009 125.955 156.948 143.191 126.03 124.972 134.119 29.5638 116.35 164.952 134.461 129.772 117.285 133.371 139.526 112.302 83.2397 119.096 67.4904 67.5341 67.3481 56.2029 69.3673 79.7919 52.8043 65.6745 61.1983 10.8814 6.56593 4.06758 0 77.3598 76.7946 6.4037 48.776 30.5787 49.7162 0 19.1658 55.8348 14.4266 12.0098 18.4134 15.8032 16.6007 0 35.0872 48.7703 35.925 38.4436 37.7785 33.7473 31.3014 57.1545 55.7091 54.8788 49.3854
21.9869 104.561 45.6537 17.9354 17.3332 19.814 78.1849 0 20.6957 55.7092 39.1626 39.9601 82.7088 132.317 105.04 117.269 121.942 147.01 72.2845 105.158 121.451 98.8489 137.287 87.7633 131.462 121.576 74.7998 57.1654 114.032 37.3499 43.7535 41.3367 44.4431 36.5975 0 63.1434 24.4657 55.0109 72.6502 81.1324 79.7301 77.3598 0 0 83.6411 57.576 62.6788 55.7633 76.9991 60.371 24.4892 63.7007 64.123 62.204 62.5903 62.1316 78.8153 59.9902 59.7501 60.222 58.7454 60.6317 61.0039 60.9226 42.8069 42.8069 42.8314 58.3735
21.1879 103.955 45.3941 17.1493 16.4487 19.0137 77.5991 0 19.8112 54.8788 38.2781 39.0756 82.5269 132.292 104.982 117.31 122.003 147.008 72.3102 105.161 121.549 98.7785 137.454 87.0181 131.528 121.64 74.9619 57.2307 114.074 36.4654 42.869 40.4522 43.5566 35.713 1.4501 62.3464 23.6047 54.1264 72.1797 80.5308 79.142 76.7946 0 0 82.5435 56.6915 62.0927 54.8788 75.9565 59.486 23.6047 62.7677 63.1647 61.3277 61.6593 61.2365 77.769 59.4896 58.8656 59.7673 58.3166 60.1983 60.4926 60.3775 42.8314 42.8069 42.8069 57.489
69.6219 66.5321 0.719735 71.3557 73.1904 70.7977 3.92215 53.8503 71.0549 59.2161 69.1702 69.7638 117.007 157.644 141.966 127.377 126.84 135.27 26.1217 118.084 166.429 134.909 131.96 115.67 135.149 141.123 115.605 87.6782 120.649 69.1555 68.5203 68.5951 57.4058 71.0498 84.7492 51.6745 68.7966 61.0298 17.8389 0 2.42664 6.4037 83.6411 82.5435 0 56.1369 37.2115 57.1811 7.8419 26.2734 65.9991 21.5672 19.1301 25.6581 22.925 23.8431 5.30561 42.1571 55.7982 42.961 45.5196 44.7709 40.7804 38.3636 64.117 62.6604 61.8634 56.6064
35.5036 69.2525 56.5388 39.4904 40.2428 37.6778 47.1565 0.242619 36.8803 1.8127 19.0233 18.5091 72.1455 135.291 108.235 121.725 122.238 146.654 31.0572 111.772 147.19 101.754 149.634 57.7563 136.884 130.064 88.4742 74.9549 119.204 20.6364 14.8933 16.9628 13.1741 21.7748 59.0261 4.9627 33.0868 2.56974 54.6753 47.4436 47.9356 48.776 57.576 56.6915 56.1369 0 71.3996 0 59.3992 57.8764 33.41 57.1551 55.8602 59.2209 56.8428 57.9565 60.3656 72.7353 1.38322 73.9204 74.4039 75.457 72.7058 70.9633 77.3039 76.1873 75.5117 0
59.7243 90.8954 0.909993 59.216 61.0298 59.7291 33.41 48.1747 60.5734 68.8001 69.4143 70.4612 133.092 156.12 143.684 123.177 119.928 131.77 12.7567 112.255 160.573 142.834 122.708 128.113 128.439 134.638 65.667 63.3611 115.661 68.399 71.2231 70.0045 60.2831 69.9853 63.2926 66.4598 60.3193 70.0391 18.6773 37.1388 34.6453 30.5787 62.6788 62.0927 37.2115 71.3996 0 66.7985 28.6033 10.4894 56.6365 14.627 15.84 11.896 13.7219 12.3662 30.1071 4.9627 67.727 5.7866 8.3252 7.58261 3.586 0 27.0319 25.5734 24.7712 67.6646
33.6909 70.1783 55.8786 37.6777 38.4301 35.8651 48.137 1.68778 35.0676 0 17.5457 17.1193 73.2814 135.54 109.088 121.79 122.203 147.157 32.3602 111.646 147.178 102.154 149.734 58.9314 137.1 129.968 86.9297 74.3043 119.4 19.0793 13.631 15.5501 11.4814 20.3154 57.2134 5.7866 31.2741 0.752403 55.2352 48.4835 48.9578 49.7162 55.7633 54.8788 57.1811 0 66.7985 0 58.4582 56.7419 32.4852 56.0585 54.7834 58.096 55.7329 56.8428 59.4582 71.5509 2.1741 72.7352 73.2117 74.2686 71.5263 69.7904 76.1157 74.9968 74.3198 0.797497
64.3905 69.6456 0 65.798 67.666 65.3998 3.3626 58.1822 65.7584 57.7182 65.837 66.5395 124.238 155.426 141.632 124.688 123.949 133.369 28.4076 115.071 163.449 132.736 128.872 115.651 132.423 138.177 110.454 82.0802 118.026 65.6154 65.6951 65.4933 54.333 67.4913 78.0547 51.1993 63.7857 59.4582 9.85803 7.1561 4.7392 0 76.9991 75.9565 7.8419 59.3992 28.6033 58.4582 0 18.4134 53.9678 13.6742 11.2574 17.661 15.0508 15.8483 0.752403 34.4385 47.106 35.3192 37.7785 37.1982 33.1447 30.6734 56.461 55.0109 54.1264 47.695
51.9467 77.9168 0 52.3837 54.2759 52.448 21.776 42.6345 53.0749 55.455 58.4581 59.3992 122.426 149.139 138.892 117.997 117.348 129.574 10.6051 107.945 155.375 134.557 122.524 114.822 126.328 130.728 66.2353 63.1335 112.16 57.7182 59.6 58.7164 48.2617 59.4583 61.2775 52.1951 51.9869 56.8428 7.8419 25.5695 23.1526 19.1658 60.371 59.486 26.2734 57.8764 10.4894 56.7419 18.4134 0 40.9169 3.48974 4.74803 0 2.56974 0.752399 20.3153 18.0747 47.2481 19.2096 21.0312 21.1254 17.2859 14.9258 38.0476 36.5975 35.713 47.2172
2.42653 90.3197 36.9247 6.4036 7.2479 4.59197 56.0213 0.909929 3.92214 30.5787 16.3844 17.5386 85.9235 133.986 109.426 119.724 117.782 144.04 65.8551 105.773 141.587 109.868 139.409 77.6312 131.719 125.414 75.3365 62.4043 114.698 14.4854 20.7757 18.3333 18.6773 14.9135 25.9393 37.6878 0 30.0907 54.3315 58.454 57.4683 55.8348 24.4892 23.6047 65.9991 33.41 56.6365 32.4852 53.9678 40.9169 0 45.3412 45.1904 45.1894 44.3528 44.7225 57.3707 50.9163 34.0917 51.8963 51.1992 52.8042 51.5786 50.8245 46.2162 45.3759 44.877 32.7151
54.0651 75.0942 17.3195 54.7713 56.6671 54.7084 17.0368 45.5542 55.2656 54.9006 59.3405 60.2374 122.052 150.057 138.634 119.006 118.488 130.118 34.7208 109.053 156.732 133.185 123.713 114.203 127.299 131.939 68.2759 65.0021 113.021 58.7096 60.1507 59.4582 48.7216 60.4852 64.6527 50.7767 53.9308 56.3941 3.1027 20.8303 18.4134 14.4266 63.7007 62.7677 21.5672 57.1551 14.627 56.0585 13.6742 3.48974 45.3412 0 0 4.06759 0 0.892104 15.5501 22.0161 45.969 23.0846 25.1493 25.0215 21.0312 18.563 42.7868 41.3367 40.4522 46.0934
53.9341 72.9766 14.9932 54.7519 56.6468 54.6352 14.62 45.721 55.1627 53.6878 58.7315 59.6094 120.709 149.438 137.382 118.547 118.239 129.738 32.2739 108.684 156.305 132.47 123.53 112.844 127.062 131.553 68.4932 65.1077 112.673 58.1445 59.4583 58.8144 48.0177 59.9354 65.0996 49.1861 53.7299 55.2268 0 18.4135 15.9966 12.0098 64.123 63.1647 19.1301 55.8602 15.84 54.7834 11.2574 4.74803 45.1904 0 0 6.56583 1.3766 4.65451 13.631 24.5071 44.454 25.5696 27.6483 27.5068 23.5064 21.0312 45.2036 43.7535 42.869 44.647
53.8238 78.2784 0.749199 54.2748 56.1673 54.3338 21.0236 44.5882 54.9568 56.8428 60.1691 61.0998 123.967 150.559 140.291 119.205 118.322 130.304 11.1431 109.079 156.796 136.204 123.426 116.253 127.126 131.964 67.1375 64.3179 113.065 59.4582 61.2445 60.3966 49.8817 61.1983 63.1013 53.3433 53.8497 58.2593 7.10072 24.8171 22.4002 18.4134 62.204 61.3277 25.6581 59.2209 11.896 58.096 17.661 0 45.1894 4.06759 6.56583 0 1.8127 0 19.0793 18.0088 48.4197 19.0969 21.1076 21.0312 17.0774 14.6363 38.8 37.3499 36.4654 48.4364
53.0683 75.4311 3.62056 53.7402 55.6359 53.693 18.4134 44.4029 54.2595 54.5321 58.5561 59.4583 121.521 149.133 138.016 118.128 117.724 129.471 35.3915 108.186 155.75 134.633 122.934 113.842 126.569 131.029 67.3962 64.1138 112.263 57.9008 59.4442 58.6792 48.0325 59.6677 63.5408 50.6937 52.9584 55.9928 4.4793 22.2069 19.79 15.8032 62.5903 61.6593 22.925 56.8428 13.7219 55.7329 15.0508 2.56974 44.3528 0 1.3766 1.8127 0 0 17.1193 21.0313 45.8336 22.1296 24.0956 24.0618 20.1227 17.6875 41.4102 39.9601 39.0756 45.905
53.3763 76.5502 1.5016 53.897 55.7911 53.9224 19.2109 44.3029 54.5279 55.6289 59.4582 60.3656 122.707 149.9 139.124 118.672 117.974 129.887 36.5914 108.611 156.259 135.483 123.098 114.985 126.799 131.476 67.0595 63.9301 112.647 58.7746 60.3999 59.6209 49.0001 60.5193 63.0473 51.8838 53.3601 57.0785 5.30702 23.0044 20.5875 16.6007 62.1316 61.2365 23.8431 57.9565 12.3662 56.8428 15.8483 0.752399 44.7225 0.892104 4.65451 0 0 0 17.5457 19.9453 46.9927 21.0313 23.0437 22.9661 19.0056 16.5576 40.6127 39.1626 38.2781 47.0527
66.0606 68.897 1.68777 67.5094 69.374 67.0915 0 59.9868 67.4375 58.7746 67.2207 67.9053 124.945 156.375 142.24 125.599 124.716 133.849 27.9995 115.991 164.497 133.799 129.599 116.276 133.128 139.13 112.026 83.3288 118.777 67.0336 66.9909 66.8372 55.6649 68.9139 79.8742 51.8964 65.4262 60.5193 11.4814 4.65462 0.892101 0 78.8153 77.769 5.30561 60.3656 30.1071 59.4582 0.752403 20.3153 57.3707 15.5501 13.631 19.0793 17.1193 17.5457 0 36.9269 47.9727 37.7786 40.2787 39.6401 35.6012 33.1466 59.0185 57.5742 56.6915 48.6393
58.6791 93.6234 0.432778 57.9008 59.6676 58.5561 37.7786 46.4653 59.4582 70.041 69.4927 70.5763 133.755 155.345 142.728 122.056 119.099 131.484 12.1285 111.397 159.314 141.983 121.761 129.001 127.64 133.645 99.1795 61.7733 114.787 68.3699 71.5767 70.2194 60.8722 69.8838 60.5214 68.3458 59.4442 71.1868 24.0381 41.5541 39.1045 35.0872 59.9902 59.4896 42.1571 72.7353 4.9627 71.5509 34.4385 18.0747 50.9163 22.0161 24.5071 18.0088 21.0313 19.9453 36.9269 0 63.2707 0 3.3625 3.05405 0 1.38332 22.1458 20.6957 19.8112 62.9974
37.6777 67.5767 58.0835 41.6645 42.4169 39.8519 47.0415 0.111202 39.0544 3.9868 21.1657 20.6268 71.6519 135.87 107.998 122.351 122.968 147.115 29.7092 112.616 148 102.338 150.547 56.878 137.549 130.859 89.6891 76.3371 119.807 22.7961 16.9752 19.0898 15.3522 23.9099 61.2002 0 35.2609 4.74803 55.1119 47.1565 47.8004 48.7703 59.7501 58.8656 55.7982 1.38322 67.727 2.1741 47.106 47.2481 34.0917 45.969 44.454 48.4197 45.8336 46.9927 47.9727 63.2707 0 75.8517 76.4522 77.4376 74.5582 72.7353 80.1932 79.0478 78.354 0
59.6209 94.7588 1.5017 58.7746 60.5193 59.4582 38.649 47.2966 60.3656 71.2216 70.5763 71.6638 134.826 156.27 143.734 122.819 119.696 132.008 12.6215 112.149 160.082 142.999 122.152 130.194 128.199 134.383 99.7697 62.1741 115.444 69.4413 72.6891 71.3178 62.0218 70.946 60.7078 69.5484 60.3999 72.3621 23.9222 42.4155 39.9559 35.925 60.222 59.7673 42.961 73.9204 5.7866 72.7352 35.3192 19.2096 51.8963 23.0846 25.5696 19.0969 22.1296 21.0313 37.7786 0 75.8517 0 0.752399 0 0.797499 2.1742 21.2534 19.814 19.0137 64.1974
58.7163 96.3139 0 57.7181 59.4582 58.4581 41.1228 46.1642 59.3991 71.6533 70.3141 71.4209 134.047 155.743 143.005 122.285 119.343 132.05 12.3646 111.708 159.343 142.341 121.864 130.358 127.88 133.833 98.5561 61.578 115.352 69.118 72.5858 71.135 62.0898 70.5763 59.2066 70.3745 59.5999 72.7352 27.3437 44.9017 42.4561 38.4436 58.7454 58.3166 45.5196 74.4039 8.3252 73.2117 37.7785 21.0312 51.1992 25.1493 27.6483 21.1076 24.0956 23.0437 40.2787 3.3625 76.4522 0.752399 0 0 3.48965 4.74803 18.7833 17.3332 16.4487 64.9446
60.3966 96.5759 0.7493 59.4582 61.1983 60.1692 40.5213 48.0039 61.0997 72.7352 71.7456 72.8439 135.775 157.116 144.613 123.472 120.214 132.575 13.0441 112.821 160.738 143.912 122.546 131.63 128.683 134.997 100.389 62.6234 116.254 70.5762 73.9447 72.5307 63.3777 72.0549 61.0965 71.2207 61.2444 73.85 25.7606 44.2818 41.8167 37.7785 60.6317 60.1983 44.7709 75.457 7.58261 74.2686 37.1982 21.1254 52.8042 25.0215 27.5068 21.0312 24.0618 22.9661 39.6401 3.05405 77.4376 0 0 0 2.6101 3.9868 19.3787 17.9354 17.1494 65.8393
59.4582 93.1367 0.699037 58.7096 60.4851 59.3406 36.473 47.4047 60.2373 70.044 69.8947 70.9667 133.973 156.15 143.616 122.873 119.791 131.944 12.7305 112.168 160.226 142.837 122.391 129.174 128.303 134.455 100.294 62.6053 115.477 68.8071 71.8876 70.5763 61.1069 70.3455 61.5452 68.1144 60.1507 71.2233 21.7644 40.2386 37.7785 33.7473 61.0039 60.4926 40.7804 72.7058 3.586 71.5263 33.1447 17.2859 51.5786 21.0312 23.5064 17.0774 20.1227 19.0056 35.6012 0 74.5582 0.797499 3.48965 2.6101 0 0 23.4274 21.9869 21.1879 62.818
58.8143 90.8711 0.301464 58.1445 59.9353 58.7315 34.0075 46.8704 59.6093 68.3409 68.7142 69.7683 132.414 155.305 142.766 122.433 119.27 131.35 12.2653 111.533 159.603 141.938 122.031 127.56 127.812 133.842 99.8535 62.2745 115.047 67.6788 70.5763 69.3305 59.6699 69.2525 61.497 66.1566 59.4582 69.5592 20.3251 37.7786 35.3242 31.3014 60.9226 60.3775 38.3636 70.9633 0 69.7904 30.6734 14.9258 50.8245 18.563 21.0312 14.6363 17.6875 16.5576 33.1466 1.38332 72.7353 2.1742 4.74803 3.9868 0 0 25.9036 24.4657 23.6047 60.9169
51.1521 107.5 0 48.7057 50.0172 50.0782 59.8236 36.8629 51.2353 74.2809 67.3583 68.5589 124.679 149.264 134.376 117.02 116.562 131.996 8.43981 107.576 137.063 127.527 119.51 128.891 125.404 128.184 59.1838 59.9964 112.534 65.7281 70.8105 68.7874 62.4331 66.7085 42.8069 76.2294 52.8677 74.8332 45.8959 63.6171 61.1949 57.1545 42.8069 42.8314 64.117 77.3039 27.0319 76.1157 56.461 38.0476 46.2162 42.7868 45.2036 38.8 41.4102 40.6127 59.0185 22.1458 80.1932 21.2534 18.7833 19.3787 23.4274 25.9036 0 0 1.4501 80.5125
50.5017 106.34 0 48.1424 49.4908 49.4774 58.3735 36.2389 50.6254 73.1698 66.494 67.6929 124.405 149.111 134.2 116.928 116.492 131.826 8.62984 107.432 137.085 127.337 119.535 128.038 125.358 128.145 59.3739 59.8108 112.439 64.8827 69.8938 67.8949 61.3913 65.8922 42.8314 74.9973 52.1715 73.7453 44.4431 62.167 59.7501 55.7091 42.8069 42.8069 62.6604 76.1873 25.5734 74.9968 55.0109 36.5975 45.3759 41.3367 43.7535 37.3499 39.9601 39.1626 57.5742 20.6957 79.0478 19.814 17.3332 17.9354 21.9869 24.4657 0 0 0 79.441
50.1214 105.672 0 47.8171 49.188 49.1283 57.489 35.8921 50.2702 72.4979 65.9769 67.1746 124.284 149.089 134.155 116.951 121.831 131.824 8.81989 107.424 137.172 127.282 119.641 127.529 125.412 128.201 59.5785 59.787 112.462 64.3775 69.3435 67.36 60.7641 65.4051 42.905 74.2485 51.7622 73.0878 43.5566 61.2825 58.8656 54.8788 42.8314 42.8069 61.8634 75.5117 24.7712 74.3198 54.1264 35.713 44.877 40.4522 42.869 36.4654 39.0756 38.2781 56.6915 19.8112 78.354 19.0137 16.4487 17.1494 21.1879 23.6047 1.4501 0 0 78.7933
36.3011 69.1697 57.5156 40.2879 41.0403 38.4753 47.7306 0.508778 37.6778 2.6102 19.9986 19.5136 72.8252 136.118 108.884 122.462 123.004 147.543 31.2522 112.577 148.053 102.681 150.661 58.2012 137.766 130.849 89.5683 75.8847 120.012 21.5811 15.9293 17.9588 14.0463 22.7582 59.8236 3.5861 33.8843 3.48974 55.4462 47.9268 48.5097 49.3854 58.3735 57.489 56.6064 0 67.6646 0.797497 47.695 47.2172 32.7151 46.0934 44.647 48.4364 45.905 47.0527 48.6393 62.9974 0 64.1974 64.9446 65.8393 62.818 60.9169 80.5125 79.441 78.7933 0
