15
1 6 3 cabinet
2 16 6 mattress
3 20 8 pillow
4 22 8 pillow
5 5 44 desk
6 26 8 pillow
7 28 8 pillow
8 30 8 pillow
9 11 7 bed_frame
10 41 3 cabinet
11 0 3 cabinet
12 168 28 blanket
13 171 106 tv
14 9 18 chair
15 123 18 chair
0 115.768 160.67 168.691 94.8781 175.419 159.813 184.293 105.656 15.5645 98.1337 114.172 103.832 7.29665 77.6956
115.768 0 0.883119 0.154699 64.1715 0.7376 0.2985 0.6703 0 102.366 145.579 0 77.1443 193.579 72.6531
160.67 0.883119 0 0 60.8203 30.597 0.167589 39.7832 0.00500488 126.065 135.771 22.4198 142.226 143.192 69.4387
168.691 0.154699 0 0 57.4314 0.35162 0 0 0 139.875 136.622 20.6524 142.028 152.812 80.3723
94.8781 64.1715 60.8203 57.4314 0 70.7269 46.3594 78.3851 0 105.503 156.765 43.9663 164.173 123.063 13.5057
175.419 0.7376 30.597 0.35162 70.7269 0 1.89654 0 9.07881 175.05 129.481 5.12269 135.126 184.115 119.435
159.813 0.2985 0.167589 0 46.3594 1.89654 0 32.1125 12.1445 147.869 126.891 1.95481 132.319 157.96 90.6424
184.293 0.6703 39.7832 0 78.3851 0 32.1125 0 0 163.755 139.866 12.6618 145.985 187.451 105.998
105.656 0 0.00500488 0 0 9.07881 12.1445 0 0 169.441 68.2901 0 78.8859 149.899 69.4522
15.5645 102.366 126.065 139.875 105.503 175.05 147.869 163.755 169.441 0 135.247 101.054 145.327 43.5008 46.1982
98.1337 145.579 135.771 136.622 156.765 129.481 126.891 139.866 68.2901 135.247 0 68.8445 0 98.9551 129.207
114.172 0 22.4198 20.6524 43.9663 5.12269 1.95481 12.6618 0 101.054 68.8445 0 124.115 159.73 131.313
103.832 77.1443 142.226 142.028 164.173 135.126 132.319 145.985 78.8859 145.327 0 124.115 0 113.149 136.352
7.29665 193.579 143.192 152.812 123.063 184.115 157.96 187.451 149.899 43.5008 98.9551 159.73 113.149 0 77.1999
77.6956 72.6531 69.4387 80.3723 13.5057 119.435 90.6424 105.998 69.4522 46.1982 129.207 131.313 136.352 77.1999 0
