17
1 9 37 bed
2 4 119 nightstand
3 17 8 pillow
4 0 131 console_table
5 19 8 pillow
6 21 8 pillow
7 3 32 window_set
8 23 8 pillow
9 7 18 chair
10 26 13 painting
11 34 19 floor_lamp
12 6 3 cabinet
13 2 35 curtain
14 46 19 floor_lamp
15 67 99 table
16 5 14 mirror
17 20 17 ottoman
0 1.68403 0 42.7502 0 0 89.7621 0 135.129 61.8189 64.9312 30.165 107.35 31.8796 94.3036 50.8812 167.013
1.68403 0 12.7662 68.7599 38.1326 36.6598 165.535 11.384 113.915 72.0433 139.81 104.752 172.657 81.4708 158.863 118.364 145.755
0 12.7662 0 78.5058 0 4.90027 166.234 0 125.774 85.365 140.2 71.3165 176.13 45.2327 172.953 82.8845 161.72
42.7502 68.7599 78.5058 0 105.432 101.171 174.781 78.4973 107.308 14.1166 136.274 148.056 172.423 134.789 148.955 178.104 106.065
0 38.1326 0 105.432 0 0 168.843 6.17302 122.889 108.617 143.217 45.7958 177.337 18.2202 170.446 55.3183 161.292
0 36.6598 4.90027 101.171 0 0 159.851 0.758931 114.365 108.919 134.096 49.2807 169.233 22.8205 161.813 62.004 161.304
89.7621 165.535 166.234 174.781 168.843 159.851 0 183.515 0 174.742 45.4023 155.732 0 186.898 1.29688 174.981 52.5729
0 11.384 0 78.4973 6.17302 0.758931 183.515 0 115.711 87.0794 140.217 73.5109 174.868 45.6553 162.848 86.9018 154.466
135.129 113.915 125.774 107.308 122.889 114.365 0 115.711 0 107.382 7.13344 112.706 26.8969 120.517 0.386377 134.53 52.751
61.8189 72.0433 85.365 14.1166 108.617 108.919 174.742 87.0794 107.382 0 153.04 168.399 174.019 147.878 148.569 181.368 107.31
64.9312 139.81 140.2 136.274 143.217 134.096 45.4023 140.217 7.13344 153.04 0 115.982 30.3561 142.851 25.591 134.545 59.8465
30.165 104.752 71.3165 148.056 45.7958 49.2807 155.732 73.5109 112.706 168.399 115.982 0 158.232 26.7869 142.202 26.6289 188.212
107.35 172.657 176.13 172.423 177.337 169.233 0 174.868 26.8969 174.019 30.3561 158.232 0 157.834 0 138.084 52.94
31.8796 81.4708 45.2327 134.789 18.2202 22.8205 186.898 45.6553 120.517 147.878 142.851 26.7869 157.834 0 165.284 28.3041 176.535
94.3036 158.863 172.953 148.955 170.446 161.813 1.29688 162.848 0.386377 148.569 25.591 142.202 0 165.284 0 161.024 21.9768
50.8812 118.364 82.8845 178.104 55.3183 62.004 174.981 86.9018 134.53 181.368 134.545 26.6289 138.084 28.3041 161.024 0 189.058
167.013 145.755 161.72 106.065 161.292 161.304 52.5729 154.466 52.751 107.31 59.8465 188.212 52.94 176.535 21.9768 189.058 0
