27
1 7 10 table_lamp
2 32 10 table_lamp
3 5 7 bed_frame
4 0 35 curtain
5 60 3 cabinet
6 77 8 pillow
7 78 8 pillow
8 66 13 painting
9 82 22 bottle
10 58 27 box
11 68 13 painting
12 92 119 nightstand
13 70 13 painting
14 4 120 closet
15 51 18 chair
16 97 6 mattress
17 101 8 pillow
18 103 8 pillow
19 106 119 nightstand
20 107 14 mirror
21 110 8 pillow
22 112 8 pillow
23 114 8 pillow
24 115 31 book
25 116 5 rug
26 57 11 clock
27 84 13 painting
0 67.9714 9.06012 114.03 20.4745 36.4757 15.6868 48.3462 53.8968 31.6144 63.8748 0 36.2564 134.452 48.4713 6.94822 12.7622 37.0779 69.3687 26.1392 97.4561 92.0558 81.7236 0.981627 23.7097 77.7936 31.671
67.9714 0 5.78528 46.9193 101.632 18.3239 36.9412 34.9799 134.869 112.644 31.7663 70.4239 46.8945 101.618 125.224 7.77457 36.9201 13.1365 0 105.245 133.015 110.767 113.568 78.6532 81.3348 0.50477 62.3835
9.06012 5.78528 0 113.03 38.1663 37.8745 31.2656 13.0199 70.049 46.0827 13.0198 0.12175 13.0198 30.8306 61.6862 0 27.7478 31.6309 0 38.5188 103.517 8.40435 12.6545 31.8597 69.7462 75.8362 14.8153
114.03 46.9193 113.03 0 183.273 117.569 130.718 120.408 214.442 196.262 112.097 162.883 130.96 19.1165 198.849 93.4759 133.26 118.351 120.482 186.116 149.911 136.813 149.232 173.718 153.894 120.319 143.257
20.4745 101.632 38.1663 183.273 0 67.5589 43.6415 78.5467 0.0151024 0.0151024 96.5697 14.8153 61.1008 157.618 24.0841 34.9378 40.8331 69.5555 101.93 0.86672 91.1339 96.3396 80.2516 15.6827 12.5184 110.853 44.9094
36.4757 18.3239 37.8745 117.569 67.5589 0 0 44.8064 104.288 84.0857 43.363 36.3694 44.8204 83.0675 88.7236 0.898499 3.95579 0.197238 15.6314 79.1968 93.0602 74.635 73.3396 48.5586 44.157 28.2697 49.1689
15.6868 36.9412 31.2656 130.718 43.6415 0 0 39.1462 80.2962 60.0657 45.8439 15.9301 38.7554 102.161 66.4658 0 0 2.4285 34.9631 54.9899 79.8489 67.2991 61.0522 26.8263 29.3062 46.8183 41.2653
48.3462 34.9799 13.0199 120.408 78.5467 44.8064 39.1462 0 105.725 83.1961 1.9185 58.1954 1.9184 125.649 103.384 44.0165 41.6408 40.6952 55.8937 72.0347 134.89 120.768 117.661 63.1936 80.8504 59.405 20.8898
53.8968 134.869 70.049 214.442 0.0151024 104.288 80.2962 105.725 0 19.2522 124.484 51.8419 87.7751 192.015 21.7714 71.5742 76.6913 105.155 137.655 4.19445 116.03 125.299 108.719 52.6312 41.4715 146.451 69.9162
31.6144 112.644 46.0827 196.262 0.0151024 84.0857 60.0657 83.1961 19.2522 0 101.524 33.3423 65.1996 175.506 30.6055 50.4861 54.5229 81.9235 114.067 3.21815 112.468 117.949 102.623 34.2845 49.0413 122.708 47.9856
63.8748 31.7663 13.0198 112.097 96.5697 43.363 45.8439 1.9185 124.484 101.524 0 71.4739 20.8898 118.364 120.459 44.7662 47.8528 43.5622 45.8018 91.0041 144.109 126.479 126.09 77.7694 91.624 48.1643 39.8612
0 70.4239 0.12175 162.883 14.8153 36.3694 15.9301 58.1954 51.8419 33.3423 71.4739 0 69.0946 131.12 39.2937 0.93757 23.0339 42.0962 68.2979 46.4345 86.3841 82.1325 71.1818 0 8.4404 80.0125 48.902
36.2564 46.8945 13.0198 130.96 61.1008 44.8204 38.7554 1.9184 87.7751 65.1996 20.8898 69.0946 0 135.222 87.0905 44.0165 41.3355 46.7791 68.5533 53.0668 127.838 120.343 111.847 51.5594 73.4741 73.8698 1.9185
134.452 101.618 30.8306 19.1165 157.618 83.0675 102.161 125.649 192.015 175.506 118.364 131.12 135.222 0 196.544 81.1182 129.017 113.399 115.98 188.92 138.76 125.258 139.366 171.639 143.619 116.631 148.42
48.4713 125.224 61.6862 198.849 24.0841 88.7236 66.4658 103.384 21.7714 30.6055 120.459 39.2937 87.0905 196.544 0 56.8158 62.4001 91.1016 123.836 34.48 83.0698 93.2608 75.9337 40.5393 0 133.596 71.9275
6.94822 7.77457 0 93.4759 34.9378 0.898499 0 44.0165 71.5742 50.4861 44.7662 0.93757 44.0165 81.1182 56.8158 0 0 0 4.84941 42.6571 26.335 12.76 69.3676 9.9466 28.0636 12.402 74.6005
12.7622 36.9201 27.7478 133.26 40.8331 3.95579 0 41.6408 76.6913 54.5229 47.8528 23.0339 41.3355 129.017 62.4001 0 0 1.8255 34.4354 46.7327 82.1147 71.5882 63.9597 15.6746 25.218 43.177 40.4956
37.0779 13.1365 31.6309 118.351 69.5555 0.197238 2.4285 40.6952 105.155 81.9235 43.5622 42.0962 46.7791 113.399 91.1016 0 1.8255 0 6.45269 73.9972 96.3736 77.1609 76.4562 44.3091 45.1749 14.628 47.7522
69.3687 0 0 120.482 101.93 15.6314 34.9631 55.8937 137.655 114.067 45.8018 68.2979 68.5533 115.98 123.836 4.84941 34.4354 6.45269 0 112.841 125.161 102.098 105.462 79.9325 72.5285 0 85.3766
26.1392 105.245 38.5188 186.116 0.86672 79.1968 54.9899 72.0347 4.19445 3.21815 91.0041 46.4345 53.0668 188.92 34.48 42.6571 46.7327 73.9972 112.841 0 112.808 116.301 101.563 27.8788 69.5677 114.785 43.3203
97.4561 133.015 103.517 149.911 91.1339 93.0602 79.8489 134.89 116.03 112.468 144.109 86.3841 127.838 138.76 83.0698 26.335 82.1147 96.3736 125.161 112.808 0 0.20519 0 92.22 0.444913 137.884 122.209
92.0558 110.767 8.40435 136.813 96.3396 74.635 67.2991 120.768 125.299 117.949 126.479 82.1325 120.343 125.258 93.2608 12.76 71.5882 77.1609 102.098 116.301 0.20519 0 0 90.3428 3.19964 115.072 116.442
81.7236 113.568 12.6545 149.232 80.2516 73.3396 61.0522 117.661 108.719 102.623 126.09 71.1818 111.847 139.366 75.9337 69.3676 63.9597 76.4562 105.462 101.563 0 0 0 77.2095 0 119.368 107.647
0.981627 78.6532 31.8597 173.718 15.6827 48.5586 26.8263 63.1936 52.6312 34.2845 77.7694 0 51.5594 171.639 40.5393 9.9466 15.6746 44.3091 79.9325 27.8788 92.22 90.3428 77.2095 0 25.2619 85.5294 46.7496
23.7097 81.3348 69.7462 153.894 12.5184 44.157 29.3062 80.8504 41.4715 49.0413 91.624 8.4404 73.4741 143.619 0 28.0636 25.218 45.1749 72.5285 69.5677 0.444913 3.19964 0 25.2619 0 146.023 125.894
77.7936 0.50477 75.8362 120.319 110.853 28.2697 46.8183 59.405 146.451 122.708 48.1643 80.0125 73.8698 116.631 133.596 12.402 43.177 14.628 0 114.785 137.884 115.072 119.368 85.5294 146.023 0 75.4684
31.671 62.3835 14.8153 143.257 44.9094 49.1689 41.2653 20.8898 69.9162 47.9856 39.8612 48.902 1.9185 148.42 71.9275 74.6005 40.4956 47.7522 85.3766 43.3203 122.209 116.442 107.647 46.7496 125.894 75.4684 0
