11
1 0 28 blanket
2 40 8 pillow
3 67 3 cabinet
4 43 8 pillow
5 38 8 pillow
6 9 7 bed_frame
7 45 8 pillow
8 47 14 mirror
9 62 119 nightstand
10 57 3 cabinet
11 35 6 mattress
0 80.5052 42.6221 3.24298 14.9314 0.6426 3.24298 66.2219 74.5443 20.8303 0
80.5052 0 74.8795 2.18664 0.2742 0.282169 0.163097 91.1915 43.917 27.2518 1.154
42.6221 74.8795 0 124.321 122.291 44.4748 106.336 0 159.85 0 43.427
3.24298 2.18664 124.321 0 0.181373 4.80073 0.2743 106.183 18.2608 52.8755 0.00359917
14.9314 0.2742 122.291 0.181373 0 0.264422 5.13781 111.787 17.4275 53.7283 1.154
0.6426 0.282169 44.4748 4.80073 0.264422 0 12.3671 63.5113 74.2268 21.4971 0
3.24298 0.163097 106.336 0.2743 5.13781 12.3671 0 84.49 44.7517 26.4164 0.00359917
66.2219 91.1915 0 106.183 111.787 63.5113 84.49 0 144.027 0 62.1809
74.5443 43.917 159.85 18.2608 17.4275 74.2268 44.7517 144.027 0 126.849 44.7951
20.8303 27.2518 0 52.8755 53.7283 21.4971 26.4164 0 126.849 0 64.2965
0 1.154 43.427 0.00359917 1.154 0 0.00359917 62.1809 44.7951 64.2965 0
