12
1 1353 18 chair
2 21 32 window_set
3 25 8 pillow
4 29 37 bed
5 40 8 pillow
6 43 8 pillow
7 46 8 pillow
8 49 8 pillow
9 12 39 door
10 3 44 desk
11 52 28 blanket
12 1349 120 closet
0 53.2136 33.4892 24.8814 34.7297 59.3761 32.6104 58.5402 109.416 9.71678 26.5444 108.038
53.2136 0 93.9749 89.8635 96.3056 121.93 95.3427 121.514 82.3745 56.2453 89.9403 173.224
33.4892 93.9749 0 0 0 0 7.33672 30.0797 152.302 47.5328 22.3648 80.2795
24.8814 89.8635 0 0 0 0 0 0 184.076 58.8903 0 21.5618
34.7297 96.3056 0 0 0 4.52069 0 5.42493 142.532 49.7583 10.698 54.6931
59.3761 121.93 0 0 4.52069 0 7.22145 0 153.689 75.8965 10.7211 28.5055
32.6104 95.3427 7.33672 0 0 7.22145 0 4.02983 133.443 48.9544 0.879333 54.7492
58.5402 121.514 30.0797 0 5.42493 0 4.02983 0 145.506 75.4044 0.888983 28.2206
109.416 82.3745 152.302 184.076 142.532 153.689 133.443 145.506 0 105.887 87.8207 179.581
9.71678 56.2453 47.5328 58.8903 49.7583 75.8965 48.9544 75.4044 105.887 0 45.1391 126.743
26.5444 89.9403 22.3648 0 10.698 10.7211 0.879333 0.888983 87.8207 45.1391 0 15.9107
108.038 173.224 80.2795 21.5618 54.6931 28.5055 54.7492 28.2206 179.581 126.743 15.9107 0
