15
1 15 39 door
2 30 10 table_lamp
3 24 44 desk
4 68 12 plant
5 101 12 plant
6 26 19 floor_lamp
7 62 131 console_table
8 154 40 keyboard
9 20 58 printer
10 12 9 telephone
11 151 41 monitor
12 212 37 bed
13 214 119 nightstand
14 219 18 chair
15 25 19 floor_lamp
0 185.331 92.6934 186.64 197.395 101.048 180.91 118.427 93.9406 124.376 110.409 189.767 189.675 134.846 100.322
185.331 0 35.9715 139.171 88.6421 149.952 136.399 54.0947 83.235 60.5953 65.0512 10.6839 0.000101089 31.2761 158.656
92.6934 35.9715 0 104.579 73.0346 66.4694 89.3194 0.226601 0 0 0.2495 61.8399 35.0989 3.25997 75.7393
186.64 139.171 104.579 0 45.3556 84.3515 0 113.92 105.67 92.239 107.938 66.371 134.342 113.021 85.1001
197.395 88.6421 73.0346 45.3556 0 119.202 43.2966 91.2826 100.181 76.5434 90.046 26.1804 86.1926 87.4192 123.225
101.048 149.952 66.4694 84.3515 119.202 0 78.843 96.893 65.8343 78.3158 84.5069 109.318 150.153 107.294 6.53559
180.91 136.399 89.3194 0 43.2966 78.843 0 118.691 113.262 97.7472 113.952 79.9726 147.557 123.412 79.0848
118.427 54.0947 0.226601 113.92 91.2826 96.893 118.691 0 23.3485 19.1656 12.5639 84.0138 69.2894 11.7281 107.901
93.9406 83.235 0 105.67 100.181 65.8343 113.262 23.3485 0 20.4709 5.94651 87.8523 84.5491 35.4752 72.1849
124.376 60.5953 0 92.239 76.5434 78.3158 97.7472 19.1656 20.4709 0 10.0417 60.7662 60.1642 19.2283 99.9846
110.409 65.0512 0.2495 107.938 90.046 84.5069 113.952 12.5639 5.94651 10.0417 0 73.5143 75.3693 19.3868 92.3871
189.767 10.6839 61.8399 66.371 26.1804 109.318 79.9726 84.0138 87.8523 60.7662 73.5143 0 0 92.3436 153.714
189.675 0.000101089 35.0989 134.342 86.1926 150.153 147.557 69.2894 84.5491 60.1642 75.3693 0 0 27.3556 157.959
134.846 31.2761 3.25997 113.021 87.4192 107.294 123.412 11.7281 35.4752 19.2283 19.3868 92.3436 27.3556 0 114.652
100.322 158.656 75.7393 85.1001 123.225 6.53559 79.0848 107.901 72.1849 99.9846 92.3871 153.714 157.959 114.652 0
