10
1 3 6 mattress
2 53 18 chair
3 0 26 wall_lamp
4 13 7 bed_frame
5 15 8 pillow
6 17 8 pillow
7 2 120 closet
8 43 44 desk
9 6 120 closet
10 16 10 table_lamp
0 43.0661 72.0499 0 0 0 2.8052 60.8796 57.4986 62.437
43.0661 0 83.7218 33.899 71.9743 69.798 75.8724 4.87426 25.865 19.5316
72.0499 83.7218 0 17.3771 35.5218 25.5928 19.1347 87.0756 90.257 104.256
0 33.899 17.3771 0 0.40364 0 0 66.2515 57.0315 98.4732
0 71.9743 35.5218 0.40364 0 25.3063 47.3101 75.7941 89.1733 93.4183
0 69.798 25.5928 0 25.3063 0 1.3903 83.2562 88.1446 107.077
2.8052 75.8724 19.1347 0 47.3101 1.3903 0 110.699 76.9694 128.216
60.8796 4.87426 87.0756 66.2515 75.7941 83.2562 110.699 0 0 0
57.4986 25.865 90.257 57.0315 89.1733 88.1446 76.9694 0 0 48.6895
62.437 19.5316 104.256 98.4732 93.4183 107.077 128.216 0 48.6895 0
