21
1 3 13 painting
2 42 18 chair
3 10 5 rug
4 11 16 vase
5 12 15 plate
6 26 8 pillow
7 32 131 console_table
8 100 6 mattress
9 6 13 painting
10 0 10 table_lamp
11 38 17 ottoman
12 59 12 plant
13 117 4 ceiling_lamp
14 134 4 ceiling_lamp
15 19 9 telephone
16 16 10 table_lamp
17 149 8 pillow
18 147 8 pillow
19 22 119 nightstand
20 20 119 nightstand
21 53 7 bed_frame
0 55.9232 56.2802 9.46657 16.1081 61.5956 4.9019 74.468 172.425 86.5126 97.9556 182.751 116.269 24.2956 96.265 195.351 107.912 133.847 174.675 88.364 70.9183
55.9232 0 0 78.8993 32.7454 0 27.1921 76.7719 198.848 138.184 2.85665 195.467 155.752 104.627 151.002 195.519 149.612 162.124 180.146 139.353 68.0374
56.2802 0 0 44.3027 42.471 58.5466 30.7878 11.6531 113.956 66.444 0 93.9869 127.311 120.682 67.1284 83.0006 101.733 87.6134 75.538 54.7836 0
9.46657 78.8993 44.3027 0 33.6863 91.3603 0 58.7478 145.008 55.8056 75.0244 162.685 122.564 75.0032 73.0511 172.09 86.0766 112.928 153.87 61.7815 54.9129
16.1081 32.7454 42.471 33.6863 0 41.2349 0 67.1125 174.692 99.6894 41.6432 185.116 139.43 88.4824 112.933 191.229 118.888 139.157 173.551 99.6925 58.6302
61.5956 0 58.5466 91.3603 41.2349 0 35.3849 96.5236 207.629 149.072 25.2101 209.642 156.622 107.935 160.272 211.284 159.894 171.72 196.736 148.992 88.1206
4.9019 27.1921 30.7878 0 0 35.3849 0 55.4626 170.843 59.6686 34.7583 180.754 141.516 110.284 107.062 187.616 113.79 134.187 167.756 116.647 49.4704
74.468 76.7719 11.6531 58.7478 67.1125 96.5236 55.4626 0 28.3444 29.678 52.1187 87.3959 96.7329 114.839 14.8232 102.304 0 0 82.5471 12.9159 0
172.425 198.848 113.956 145.008 174.692 207.629 170.843 28.3444 0 88.8827 162.996 31.134 76.5712 164.24 86.2223 27.4302 46.4345 40.149 49.5082 82.8582 23.4123
86.5126 138.184 66.444 55.8056 99.6894 149.072 59.6686 29.678 88.8827 0 119.096 114.106 108.574 113.35 11.2738 126.499 35.1117 66.4989 111.011 6.0511 23.623
97.9556 2.85665 0 75.0244 41.6432 25.2101 34.7583 52.1187 162.996 119.096 0 155.781 128.455 121.836 125.823 155.584 118.405 122.074 140.746 114.329 43.9058
182.751 195.467 93.9869 162.685 185.116 209.642 180.754 87.3959 31.134 114.106 155.781 0 109.789 195.209 101.73 12.4568 51.5085 20.1773 0 97.2013 7.85284
116.269 155.752 127.311 122.564 139.43 156.622 141.516 96.7329 76.5712 108.574 128.455 109.789 0 96.4239 125.29 104.617 102.395 102.491 120.193 122.83 103.36
24.2956 104.627 120.682 75.0032 88.4824 107.935 110.284 114.839 164.24 113.35 121.836 195.209 96.4239 0 144.6 197.989 142.838 159.632 195.117 138.646 115.033
96.265 151.002 67.1284 73.0511 112.933 160.272 107.062 14.8232 86.2223 11.2738 125.823 101.73 125.29 144.6 0 122.569 28.095 58.8316 100.278 0 10.3633
195.351 195.519 83.0006 172.09 191.229 211.284 187.616 102.304 27.4302 126.499 155.584 12.4568 104.617 197.989 122.569 0 67.0631 36.2785 6.0511 112.854 24.0373
107.912 149.612 101.733 86.0766 118.888 159.894 113.79 0 46.4345 35.1117 118.405 51.5085 102.395 142.838 28.095 67.0631 0 2.881 47.3331 19.2764 5.25538
133.847 162.124 87.6134 112.928 139.157 171.72 134.187 0 40.149 66.4989 122.074 20.1773 102.491 159.632 58.8316 36.2785 2.881 0 17.6701 48.5244 6.83349
174.675 180.146 75.538 153.87 173.551 196.736 167.756 82.5471 49.5082 111.011 140.746 0 120.193 195.117 100.278 6.0511 47.3331 17.6701 0 91.1584 0
88.364 139.353 54.7836 61.7815 99.6925 148.992 116.647 12.9159 82.8582 6.0511 114.329 97.2013 122.83 138.646 0 112.854 19.2764 48.5244 91.1584 0 0
70.9183 68.0374 0 54.9129 58.6302 88.1206 49.4704 0 23.4123 23.623 43.9058 7.85284 103.36 115.033 10.3633 24.0373 5.25538 6.83349 0 0 0
