12
1 12 32 window_set
2 6 8 pillow
3 7 8 pillow
4 8 28 blanket
5 9 6 mattress
6 14 7 bed_frame
7 24 119 nightstand
8 26 119 nightstand
9 28 5 rug
10 0 10 table_lamp
11 10 10 table_lamp
12 11 35 curtain
0 103.865 129.884 67.4232 73.2358 65.777 111.17 181.397 77.544 114.007 197.506 6.07173
103.865 0 0 0.261362 0 9.4593 35.6678 42.5405 28.0219 49.4492 59.183 64.2896
129.884 0 0 15.683 0.0697209 9.4056 48.0117 29.224 41.1332 62.6559 41.6769 87.4656
67.4232 0.261362 15.683 0 0 0 43.5862 68.825 13.2031 55.6956 56.0915 28.0948
73.2358 0 0.0697209 0 0 0 11.6949 9.81925 15.5296 22.409 19.5811 52.0709
65.777 9.4593 9.4056 0 0 0 0 0.0258007 0 2.43272 1.4896 91.3494
111.17 35.6678 48.0117 43.5862 11.6949 0 0 93.2628 70.206 0 108.927 19.9755
181.397 42.5405 29.224 68.825 9.81925 0.0258007 93.2628 0 67.5953 111.653 0 140.059
77.544 28.0219 41.1332 13.2031 15.5296 0 70.206 67.5953 0 141.591 172.228 52.7096
114.007 49.4492 62.6559 55.6956 22.409 2.43272 0 111.653 141.591 0 124.721 23.0895
197.506 59.183 41.6769 56.0915 19.5811 1.4896 108.927 0 172.228 124.721 0 149.158
6.07173 64.2896 87.4656 28.0948 52.0709 91.3494 19.9755 140.059 52.7096 23.0895 149.158 0
