18
1 107 10 table_lamp
2 112 31 book
3 109 10 table_lamp
4 96 50 surfboard
5 6 12 plant
6 20 8 pillow
7 7 37 bed
8 0 17 ottoman
9 24 8 pillow
10 26 8 pillow
11 30 3 cabinet
12 44 120 closet
13 46 32 window_set
14 49 119 nightstand
15 56 119 nightstand
16 101 32 window_set
17 12 17 ottoman
18 2 35 curtain
0 167.023 86.1561 2.04437 60.8526 22.757 15.3159 145.73 26.6046 42.6798 158.479 95.3093 130.873 0 86.0523 38.957 79.7582 29.5622
167.023 0 106.697 192.664 167.845 124.62 80.6441 85.1798 127.834 111.789 0 180.355 40.1788 173.999 106.583 201.917 76.8441 192.051
86.1561 106.697 0 106.935 132.587 25.1809 20.5759 137.034 38.5883 34.9811 84.8895 156.839 37.0859 87.7335 0 139.304 78.038 131.62
2.04437 192.664 106.935 0 62.3412 39.347 51.0543 154.705 42.9257 58.1843 192.7 89.6008 148.583 3.67371 103.279 13.3047 89.8273 4.2553
60.8526 167.845 132.587 62.3412 0 76.1476 42.8491 98.653 72.1766 78.1306 165.042 0.469025 157.687 72.4924 130.139 23.9285 60.1273 6.76484
22.757 124.62 25.1809 39.347 76.1476 0 0 130.535 0 8.1294 110.179 111.861 70.8487 23.1181 20.885 76.9601 75.0004 66.62
15.3159 80.6441 20.5759 51.0543 42.8491 0 0 78.6533 0 0 66.8426 55.6628 64.6102 69.0977 24.8465 62.5484 13.6236 112.537
145.73 85.1798 137.034 154.705 98.653 130.535 78.6533 0 142.152 122.962 81.6199 81.9444 104.139 159.059 138.487 147.295 63.1245 129.997
26.6046 127.834 38.5883 42.9257 72.1766 0 0 142.152 0 0.132394 110.237 104.169 80.898 26.0428 35.154 79.5684 64.5532 69.5053
42.6798 111.789 34.9811 58.1843 78.1306 8.1294 0 122.962 0.132394 0 91.1593 104.6 68.4794 37.8953 29.6618 88.0749 49.609 80.5582
158.479 0 84.8895 192.7 165.042 110.179 66.8426 81.6199 110.237 91.1593 0 171.892 18.8232 155.925 85.4032 188.54 67.3796 179.667
95.3093 180.355 156.839 89.6008 0.469025 111.861 55.6628 81.9444 104.169 104.6 171.892 0 179.496 96.6871 153.169 93.12 67.2834 77.485
130.873 40.1788 37.0859 148.583 157.687 70.8487 64.6102 104.139 80.898 68.4794 18.8232 179.496 0 137.213 52.7308 177.961 71.5787 172.34
0 173.999 87.7335 3.67371 72.4924 23.1181 69.0977 159.059 26.0428 37.8953 155.925 96.6871 137.213 0 84.4338 56.1981 76.2161 37.0087
86.0523 106.583 0 103.279 130.139 20.885 24.8465 138.487 35.154 29.6618 85.4032 153.169 52.7308 84.4338 0 137.895 78.0925 143.239
38.957 201.917 139.304 13.3047 23.9285 76.9601 62.5484 147.295 79.5684 88.0749 188.54 93.12 177.961 56.1981 137.895 0 86.4963 0
79.7582 76.8441 78.038 89.8273 60.1273 75.0004 13.6236 63.1245 64.5532 49.609 67.3796 67.2834 71.5787 76.2161 78.0925 86.4963 0 73.7041
29.5622 192.051 131.62 4.2553 6.76484 66.62 112.537 129.997 69.5053 80.5582 179.667 77.485 172.34 37.0087 143.239 0 73.7041 0
