13
1 234 12 plant
2 7 119 nightstand
3 273 5 rug
4 16 17 ottoman
5 277 12 plant
6 34 7 bed_frame
7 36 8 pillow
8 37 8 pillow
9 38 6 mattress
10 13 119 nightstand
11 141 23 bag
12 71 22 bottle
13 31 13 painting
0 169.157 179.073 203.493 253.477 99.4247 144.221 109.051 103.564 55.9967 72.3614 180.101 106.242
169.157 0 101.612 129.514 83.6261 0.00500488 43.245 63.3929 4.23331 96.911 114.505 0 56.0863
179.073 101.612 0 0.32628 226.99 95.1317 128.433 156.612 99.375 159.367 196.5 168.916 197.351
203.493 129.514 0.32628 0 223.823 52.5605 107.817 103.515 54.1154 118.77 133.207 151.851 152.775
253.477 83.6261 226.99 223.823 0 105.148 130.483 147.779 109.822 166.011 184.726 93.2624 109.635
99.4247 0.00500488 95.1317 52.5605 105.148 0 46.5686 17.7787 0.0412998 6.27576 16.3662 19.9723 24.4247
144.221 43.245 128.433 107.817 130.483 46.5686 0 1.07469 0.6765 40.1597 56.8255 42.4772 48.5831
109.051 63.3929 156.612 103.515 147.779 17.7787 1.07469 0 0 21.3577 21.6985 49.2713 41.9307
103.564 4.23331 99.375 54.1154 109.822 0.0412998 0.6765 0 0 6.3898 20.0244 16.0245 41.0024
55.9967 96.911 159.367 118.77 166.011 6.27576 40.1597 21.3577 6.3898 0 0 82.8676 29.3901
72.3614 114.505 196.5 133.207 184.726 16.3662 56.8255 21.6985 20.0244 0 0 100.001 43.3666
180.101 0 168.916 151.851 93.2624 19.9723 42.4772 49.2713 16.0245 82.8676 100.001 0 33.1404
106.242 56.0863 197.351 152.775 109.635 24.4247 48.5831 41.9307 41.0024 29.3901 43.3666 33.1404 0
