8
1 4 66 mirror_and_cabinet
2 19 119 nightstand
3 28 7 bed_frame
4 1 119 nightstand
5 0 120 closet
6 59 8 pillow
7 60 8 pillow
8 36 6 mattress
0 24.4217 97.8988 113.377 201.153 50.8715 79.6177 50.3675
24.4217 0 0 89.636 138.721 4.89577 55.7491 25.3853
97.8988 0 0 0 115.063 1.09901 1.09901 0
113.377 89.636 0 0 32.532 34.3722 5.48831 4.04229
201.153 138.721 115.063 32.532 0 142.268 127.726 52.25
50.8715 4.89577 1.09901 34.3722 142.268 0 0.223999 0.4771
79.6177 55.7491 1.09901 5.48831 127.726 0.223999 0 0.4771
50.3675 25.3853 0 4.04229 52.25 0.4771 0.4771 0
