10
1 109 8 pillow
2 8 7 bed_frame
3 611 10 table_lamp
4 574 10 table_lamp
5 503 52 fireplace
6 114 4 ceiling_lamp
7 45 6 mattress
8 65 119 nightstand
9 85 119 nightstand
10 105 8 pillow
0 0.882004 56.0106 19.1745 137.508 101.99 0 50.98 11.6742 10.7952
0.882004 0 78.4185 68.1623 79.8809 55.3093 0 91.0777 6.09782 0.882004
56.0106 78.4185 0 106.677 150.463 110.882 22.736 0 99.8796 22.3904
19.1745 68.1623 106.677 0 154.602 119.65 21.4889 100.073 0 60.6174
137.508 79.8809 150.463 154.602 0 24.4372 86.0761 176.162 157.108 151.458
101.99 55.3093 110.882 119.65 24.4372 0 59.1813 115.888 114.668 101.315
0 0 22.736 21.4889 86.0761 59.1813 0 7.6244 7.615 0
50.98 91.0777 0 100.073 176.162 115.888 7.6244 0 92.8959 36.2888
11.6742 6.09782 99.8796 0 157.108 114.668 7.615 92.8959 0 53.8493
10.7952 0.882004 22.3904 60.6174 151.458 101.315 0 36.2888 53.8493 0
