14
1 4 37 bed
2 7 13 painting
3 69 131 console_table
4 16 13 painting
5 17 8 pillow
6 0 26 wall_lamp
7 8 24 book_array
8 28 8 pillow
9 30 28 blanket
10 13 119 nightstand
11 46 5 rug
12 3 65 heater
13 11 24 book_array
14 68 13 painting
0 89.3742 65.4289 64.8681 0 37.1228 81.1394 0 0 5.92584 0 55.3468 25.6832 68.8168
89.3742 0 32.8279 4.06096 80.397 79.4117 30.4552 88.9507 69.0548 55.8823 62.7565 54.8309 127.606 52.2979
65.4289 32.8279 0 2.0159 83.065 86.9326 0 91.6284 61.9588 56.9674 3.50711 2.02977 123.288 36.0121
64.8681 4.06096 2.0159 0 114.528 80.6765 23.3405 118.12 66.1535 89.8455 38.0508 52.1497 151.386 52.4028
0 80.397 83.065 114.528 0 52.7798 79.0259 1.02852 13.312 7.83645 32.1192 59.5647 27.0955 66.5051
37.1228 79.4117 86.9326 80.6765 52.7798 0 54.5528 40.6575 62.3407 33.993 79.9306 54.8648 69.5675 55.4492
81.1394 30.4552 0 23.3405 79.0259 54.5528 0 99.5842 56.1936 69.4718 36.4055 28.421 127.394 28.6303
0 88.9507 91.6284 118.12 1.02852 40.6575 99.5842 0 0 18.6103 27.1968 70.8271 17.7477 77.1755
0 69.0548 61.9588 66.1535 13.312 62.3407 56.1936 0 0 6.10245 11.5745 49.5892 17.2036 58.5813
5.92584 55.8823 56.9674 89.8455 7.83645 33.993 69.4718 18.6103 6.10245 0 0 52.3884 53.4863 58.671
0 62.7565 3.50711 38.0508 32.1192 79.9306 36.4055 27.1968 11.5745 0 0 4.51498 7.86636 39.1652
55.3468 54.8309 2.02977 52.1497 59.5647 54.8648 28.421 70.8271 49.5892 52.3884 4.51498 0 117.496 0
25.6832 127.606 123.288 151.386 27.0955 69.5675 127.394 17.7477 17.2036 53.4863 7.86636 117.496 0 116.888
68.8168 52.2979 36.0121 52.4028 66.5051 55.4492 28.6303 77.1755 58.5813 58.671 39.1652 0 116.888 0
