12
1 16 17 ottoman
2 29 6 mattress
3 6 119 nightstand
4 3 20 folded_blanket
5 8 14 mirror
6 4 7 bed_frame
7 9 3 cabinet
8 11 5 rug
9 0 39 door
10 25 28 blanket
11 26 8 pillow
12 27 8 pillow
0 0 95.8754 0 73.731 25.0791 50.323 0 99.3161 0 98.3697 78.594
0 0 3.5207 6.04873 72.733 0 48.8055 8.98891 29.9119 0 0 0
95.8754 3.5207 0 91.7912 155.843 11.0206 130.246 36.7774 106.14 1.7181 20.809 46.5691
0 6.04873 91.7912 0 95.0118 9.03523 71.7542 21.481 108.496 3.52928 79.1554 78.7398
73.731 72.733 155.843 95.0118 0 79.7168 2.1624 75.2814 138.145 71.2364 163.281 144.637
25.0791 0 11.0206 9.03523 79.7168 0 60.0443 0 31.8613 0 0 0
50.323 48.8055 130.246 71.7542 2.1624 60.0443 0 58.1427 90.3696 70.4463 113.899 92.8233
0 8.98891 36.7774 21.481 75.2814 0 58.1427 0 60.1091 12.3473 39.2335 54.5567
99.3161 29.9119 106.14 108.496 138.145 31.8613 90.3696 60.1091 0 69.3656 97.4314 74.6067
0 0 1.7181 3.52928 71.2364 0 70.4463 12.3473 69.3656 0 3.43216 0.691528
98.3697 0 20.809 79.1554 163.281 0 113.899 39.2335 97.4314 3.43216 0 3.96882
78.594 0 46.5691 78.7398 144.637 0 92.8233 54.5567 74.6067 0.691528 3.96882 0
