11
1 9 8 pillow
2 6 37 bed
3 12 9 telephone
4 24 18 chair
5 28 40 keyboard
6 32 10 table_lamp
7 38 123 shelves
8 40 5 rug
9 5 46 couch
10 0 44 desk
11 2 41 monitor
0 0 240.295 260.531 262.58 250.932 25.19 51.8475 70.6596 227.413 241.508
0 0 180.521 199.08 202.13 190.607 17.4127 51.3516 75.2302 163.527 181.36
240.295 180.521 0 23.3636 14.629 24.3533 253.993 133.895 178.895 0 6.90441
260.531 199.08 23.3636 0 12.5698 42.4386 276.094 145.33 194.699 5.10204 28.9309
262.58 202.13 14.629 12.5698 0 32.8027 275.245 153.141 198.013 0 20.9798
250.932 190.607 24.3533 42.4386 32.8027 0 257.268 158.736 187.305 0 0
25.19 17.4127 253.993 276.094 275.245 257.268 0 41.073 54.3692 244.297 269.457
51.8475 51.3516 133.895 145.33 153.141 158.736 41.073 0 15.6551 164.844 186.294
70.6596 75.2302 178.895 194.699 198.013 187.305 54.3692 15.6551 0 190.294 213.932
227.413 163.527 0 5.10204 0 0 244.297 164.844 190.294 0 0
241.508 181.36 6.90441 28.9309 20.9798 0 269.457 186.294 213.932 0 0
