12
1 0 3 cabinet
2 64 7 bed_frame
3 2 18 chair
4 28 66 mirror_and_cabinet
5 32 120 closet
6 36 5 rug
7 40 10 table_lamp
8 44 10 table_lamp
9 48 8 pillow
10 52 8 pillow
11 56 6 mattress
12 60 28 blanket
0 39.9378 97.8937 243.329 224.471 120.852 170.41 50.1229 116.869 86.122 80.0437 82.4051
39.9378 0 45.5236 135.066 179.75 6.50778 0 0 9.1002 9.87499 0 0
97.8937 45.5236 0 171.541 173.735 24.8502 171.915 104.259 126.123 108.916 54.8631 56.5401
243.329 135.066 171.541 0 88.5633 35.2192 194.361 249.043 199.641 213.455 137.899 135.672
224.471 179.75 173.735 88.5633 0 78.9123 56.1701 166.938 87.3812 116.786 74.2793 70.9531
120.852 6.50778 24.8502 35.2192 78.9123 0 90.4258 140.783 87.3138 100.458 25.8598 24.0573
170.41 0 171.915 194.361 56.1701 90.4258 0 108.428 28.1241 58.7418 20.5263 30.2599
50.1229 0 104.259 249.043 166.938 140.783 108.428 0 55.0373 24.6367 18.5633 24.2426
116.869 9.1002 126.123 199.641 87.3812 87.3138 28.1241 55.0373 0 3.69358 0 8.87948
86.122 9.87499 108.916 213.455 116.786 100.458 58.7418 24.6367 3.69358 0 0 3.9657
80.0437 0 54.8631 137.899 74.2793 25.8598 20.5263 18.5633 0 0 0 0.58194
82.4051 0 56.5401 135.672 70.9531 24.0573 30.2599 24.2426 8.87948 3.9657 0.58194 0
