15
1 6 37 bed
2 8 13 painting
3 10 48 human
4 11 10 table_lamp
5 30 119 nightstand
6 19 8 pillow
7 21 8 pillow
8 23 8 pillow
9 28 39 door
10 13 10 table_lamp
11 5 3 cabinet
12 0 27 box
13 3 119 nightstand
14 60 17 ottoman
15 4 120 closet
0 28.1684 49.9356 0 8.662 0.3249 0 0 28.608 4.85704 71.9678 0 0 1.87226 106.821
28.1684 0 136.029 34.9027 48.0484 22.1989 22.0306 29.8019 55.6257 61.8723 128.541 55.1141 58.6008 92.154 132.405
49.9356 136.029 0 111.14 120.982 114.298 112.413 111.109 112.977 118.839 100.906 126.6 112.099 30.94 60.4813
0 34.9027 111.14 0 0 18.5398 13.6991 38.8326 103.671 77.2628 143.842 14.2162 71.2708 56.7139 148.815
8.662 48.0484 120.982 0 0 59.0069 37.0832 81.8233 143.15 120.467 186.345 0 113.528 69.2517 180.251
0.3249 22.1989 114.298 18.5398 59.0069 0 0 0 58.1397 33.1796 101.002 47.6928 27.6692 67.2161 123.489
0 22.0306 112.413 13.6991 37.0832 0 0 14.0628 78.6306 53.3657 121.615 26.4004 48.5127 77.889 142.664
0 29.8019 111.109 38.8326 81.8233 0 14.0628 0 38.5754 14.5081 80.5432 67.036 7.60211 72.6945 114.417
28.608 55.6257 112.977 103.671 143.15 58.1397 78.6306 38.5754 0 45.2382 2.1463 143.424 0 118.843 91.8486
4.85704 61.8723 118.839 77.2628 120.467 33.1796 53.3657 14.5081 45.2382 0 61.9756 107.157 0 80.2385 94.0442
71.9678 128.541 100.906 143.842 186.345 101.002 121.615 80.5432 2.1463 61.9756 0 174.348 41.4215 95.819 26.6085
0 55.1141 126.6 14.2162 0 47.6928 26.4004 67.036 143.424 107.157 174.348 0 101.236 75.4627 180.292
0 58.6008 112.099 71.2708 113.528 27.6692 48.5127 7.60211 0 0 41.4215 101.236 0 81.8133 82.5357
1.87226 92.154 30.94 56.7139 69.2517 67.2161 77.889 72.6945 118.843 80.2385 95.819 75.4627 81.8133 0 124.881
106.821 132.405 60.4813 148.815 180.251 123.489 142.664 114.417 91.8486 94.0442 26.6085 180.292 82.5357 124.881 0
