27
1 134 13 painting
2 22 44 desk
3 34 18 chair
4 27 7 bed_frame
5 33 6 mattress
6 471 24 book_array
7 475 24 book_array
8 132 41 monitor
9 481 43 computer_machine
10 65 40 keyboard
11 67 3 cabinet
12 78 119 nightstand
13 84 35 curtain
14 4 123 shelves
15 99 54 trash_bin
16 100 18 chair
17 102 120 closet
18 130 5 rug
19 20 32 window_set
20 258 39 door
21 16 10 table_lamp
22 209 24 book_array
23 215 24 book_array
24 223 65 heater
25 456 24 book_array
26 462 24 book_array
27 464 8 pillow
0 51.7113 63.3152 103.259 108.456 109.701 20.8185 34.9642 80.4515 52.9632 69.9017 149.891 7.77464 11.2519 67.0468 49.5334 66.225 82.2737 13.502 139.759 159.548 97.7383 14.2987 27.7043 78.7541 87.2077 159.135
51.7113 0 18.6347 73.8089 77.5038 104.794 81.0906 0 51.8805 0 53.6623 137.676 1.12907 0.169006 1.08546 22.9855 62.0792 0 37.2133 131.793 154.582 76.3814 93.0842 16.3397 95.9096 87.2448 136.613
63.3152 18.6347 0 37.0836 42.0363 54.9114 43.6373 36.1247 18.9839 17.4997 16.3906 108.021 34.9181 26.2396 8.09685 28.2602 63.3489 3.29298 35.7446 89.3159 121.172 33.2458 55.3112 47.4054 47.2437 39.2157 98.1484
103.259 73.8089 37.0836 0 0 68.3852 111.231 102.787 93.8112 94.0347 84.0806 0.630262 75.2672 67.4902 71.7566 44.2928 37.0649 45.902 85.0873 46.6343 17.1888 78.8037 113.759 84.6972 86.5401 84.2961 2.38312
108.456 77.5038 42.0363 0 0 56.2308 123.684 126.135 106.762 118.02 89.0076 3.5782 78.113 50.2516 72.348 47.6389 79.5825 29.876 87.8351 50.746 90.6433 60.2143 119.094 87.1898 76.9415 69.1829 0.592899
109.701 104.794 54.9114 68.3852 56.2308 0 64.6308 74.6794 58.7805 67.8682 41.0683 114.507 106.874 0 94.4827 108.268 125.71 66.0656 112.917 33.3689 125.574 17.505 57.1945 120.012 12.3778 3.89741 80.6283
20.8185 81.0906 43.6373 111.231 123.684 64.6308 0 13.8021 43.4413 30.4942 42.0956 159.705 56.0749 0 64.4713 88.4133 114.751 65.2921 63.2363 95.3048 170.008 51.0049 5.00403 74.6762 30.1857 34.5376 141.605
34.9642 0 36.1247 102.787 126.135 74.6794 13.8021 0 20.1647 1.81724 24.29 153.162 37.4517 1.75288 47.312 62.0346 97.3169 41.4575 40.7959 107.647 166.397 46.1279 26.7583 49.922 48.9352 43.6171 135.648
80.4515 51.8805 18.9839 93.8112 106.762 58.7805 43.4413 20.1647 0 12.7514 0.348 134.887 58.8586 20.5809 43.3325 68.7888 109.407 16.1666 62.4265 94.8665 152.626 29.0804 54.4866 72.4755 49.1171 34.8872 115.433
52.9632 0 17.4997 94.0347 118.02 67.8682 30.4942 1.81724 12.7514 0 14.4003 144.389 36.0646 9.71321 28.3061 55.9299 94.7376 33.9493 40.911 99.9732 158.377 37.0079 43.8001 49.3339 45.6367 37.394 126.345
69.9017 53.6623 16.3906 84.0806 89.0076 41.0683 42.0956 24.29 0.348 14.4003 0 132.853 73.7447 0.783997 59.3741 86.186 125.815 11.8851 79.9707 69.1441 148.011 7.56511 53.3399 87.4081 40.7548 21.2906 106.06
149.891 137.676 108.021 0.630262 3.5782 114.507 159.705 153.162 134.887 144.389 132.853 0 135.134 95.3587 127.836 104.14 13.3615 96.435 143.813 101.002 17.5589 102.812 159.497 144.624 128.568 123.762 33.831
7.77464 1.12907 34.9181 75.2672 78.113 106.874 56.0749 37.4517 58.8586 36.0646 73.7447 135.134 0 77.8945 16.5643 0 0 26.6307 8.90383 146.952 147.002 90.449 78.5695 0 98.0869 113.14 139.053
11.2519 0.169006 26.2396 67.4902 50.2516 0 0 1.75288 20.5809 9.71321 0.783997 95.3587 77.8945 0 51.379 79.793 129.063 48.6749 71.5125 20.205 148.107 0 0.00219727 67.7165 0 0 98.7283
67.0468 1.08546 8.09685 71.7566 72.348 94.4827 64.4713 47.312 43.3325 28.3061 59.3741 127.836 16.5643 51.379 0 19.1344 60.3483 0.572402 29.6267 119.055 141.824 62.8537 76.9422 18.2528 79.0245 71.5904 123.967
49.5334 22.9855 28.2602 44.2928 47.6389 108.268 88.4133 62.0346 68.7888 55.9299 86.186 104.14 0 79.793 19.1344 0 7.9862 19.5 10.6081 125.952 116.995 81.5649 98.4081 7.31279 95.91 91.0119 107.749
66.225 62.0792 63.3489 37.0649 79.5825 125.71 114.751 97.3169 109.407 94.7376 125.815 13.3615 0 129.063 60.3483 7.9862 0 66.7383 34.3933 130.771 50.9263 121.783 143.203 72.9289 135.593 128.868 56.0518
82.2737 0 3.29298 45.902 29.876 66.0656 65.2921 41.4575 16.1666 33.9493 11.8851 96.435 26.6307 48.6749 0.572402 19.5 66.7383 0 72.1282 80.9282 122.75 28.5109 77.3067 32.19 65.9532 49.7581 89.0339
13.502 37.2133 35.7446 85.0873 87.8351 112.917 63.2363 40.7959 62.4265 40.911 79.9707 143.813 8.90383 71.5125 29.6267 10.6081 34.3933 72.1282 0 151.357 163.871 93.7936 114.516 7.54182 94.183 94.1116 156.065
139.759 131.793 89.3159 46.6343 50.746 33.3689 95.3048 107.647 94.8665 99.9732 69.1441 101.002 146.952 20.205 119.055 125.952 130.771 80.9282 151.357 0 121.071 41.7386 82.7509 148.036 37.8839 55.1958 60.3824
159.548 154.582 121.172 17.1888 90.6433 125.574 170.008 166.397 152.626 158.377 148.011 17.5589 147.002 148.107 141.824 116.995 50.9263 122.75 163.871 121.071 0 116.949 156.148 154.368 121.78 120.093 28.1767
97.7383 76.3814 33.2458 78.8037 60.2143 17.505 51.0049 46.1279 29.0804 37.0079 7.56511 102.812 90.449 0 62.8537 81.5649 121.783 28.5109 93.7936 41.7386 116.949 0 56.0693 96.3869 36.9461 17.7116 70.0455
14.2987 93.0842 55.3112 113.759 119.094 57.1945 5.00403 26.7583 54.4866 43.8001 53.3399 159.497 78.5695 0.00219727 76.9422 98.4081 143.203 77.3067 114.516 82.7509 156.148 56.0693 0 89.3864 21.414 41.6422 132.11
27.7043 16.3397 47.4054 84.6972 87.1898 120.012 74.6762 49.922 72.4755 49.3339 87.4081 144.624 0 67.7165 18.2528 7.31279 72.9289 32.19 7.54182 148.036 154.368 96.3869 89.3864 0 95.8056 94.5115 145.977
78.7541 95.9096 47.2437 86.5401 76.9415 12.3778 30.1857 48.9352 49.1171 45.6367 40.7548 128.568 98.0869 0 79.0245 95.91 135.593 65.9532 94.183 37.8839 121.78 36.9461 21.414 95.8056 0 10.3827 90.6751
87.2077 87.2448 39.2157 84.2961 69.1829 3.89741 34.5376 43.6171 34.8872 37.394 21.2906 123.762 113.14 0 71.5904 91.0119 128.868 49.7581 94.1116 55.1958 120.093 17.7116 41.6422 94.5115 10.3827 0 77.5739
159.135 136.613 98.1484 2.38312 0.592899 80.6283 141.605 135.648 115.433 126.345 106.06 33.831 139.053 98.7283 123.967 107.749 56.0518 89.0339 156.065 60.3824 28.1767 70.0455 132.11 145.977 90.6751 77.5739 0
