19
1 6 10 table_lamp
2 7 43 computer_machine
3 8 24 book_array
4 11 13 painting
5 12 13 painting
6 13 13 painting
7 14 11 clock
8 53 40 keyboard
9 17 39 door
10 2 44 desk
11 26 39 door
12 15 39 door
13 38 54 trash_bin
14 62 41 monitor
15 24 32 window_set
16 46 42 speaker
17 48 37 bed
18 50 8 pillow
19 19 123 shelves
0 23.8212 18.0923 106.035 69.0474 34.5146 0.635291 8.57475 55.683 0 112.075 66.3596 23.2779 4.94633 10.6875 1.83414 16.2556 14.0849 90.9576
23.8212 0 44.3749 111.221 86.9136 65.2061 31.4119 34.3186 68.1997 0 111.373 70.47 1.5567 37.4348 14.7616 33.5131 6.7128 26.8437 93.7226
18.0923 44.3749 0 113.315 103.312 82.9058 26.3853 2.76725 28.2257 0.2785 103.422 39.0667 40.9928 0.625057 5.7663 15.6782 35.4525 43.0976 107.592
106.035 111.221 113.315 0 58.4537 109.242 120.059 107.534 122.174 103.618 43.8583 101.384 116.99 115.461 127.912 123.289 50.2856 112.053 13.6603
69.0474 86.9136 103.312 58.4537 0 71.9187 107.732 102.483 140.674 90.9932 100.131 129.211 100.122 110.032 107.644 114.8 29.6203 87.6114 9.21319
34.5146 65.2061 82.9058 109.242 71.9187 0 54.1042 62.066 112.861 46.7388 133.627 112.19 51.8803 64.0132 41.7164 64.0339 23.6185 26.6624 81.1318
0.635291 31.4119 26.3853 120.059 107.732 54.1042 0 11.7514 62.2761 0 119.065 69.2388 19.6643 11.0581 7.86489 5.8416 2.32691 10.0543 107.253
8.57475 34.3186 2.76725 107.534 102.483 62.066 11.7514 0 33.786 0 96.7941 39.3997 26.0962 9.1065 22.6045 16.1806 37.2256 24.5287 102.295
55.683 68.1997 28.2257 122.174 140.674 112.861 62.2761 33.786 0 25.5352 84.3655 0 73.315 33.7692 20.4774 55.4327 70.8835 77.2985 118.761
0 0 0.2785 103.618 90.9932 46.7388 0 0 25.5352 0 95.3685 32.2656 0 0 0.4235 0 0.3613 51.9617 105.73
112.075 111.373 103.422 43.8583 100.131 133.627 119.065 96.7941 84.3655 95.3685 0 56.14 121.069 130.443 111.409 143.766 75.0752 120.775 60.752
66.3596 70.47 39.0667 101.384 129.211 112.19 69.2388 39.3997 0 32.2656 56.14 0 73.8326 44.0424 60.1887 61.3036 70.8835 80.8557 104.461
23.2779 1.5567 40.9928 116.99 100.122 51.8803 19.6643 26.0962 73.315 0 121.069 73.8326 0 38.7387 20.8101 34.2693 6.1754 23.7299 96.1459
4.94633 37.4348 0.625057 115.461 110.032 64.0132 11.0581 9.1065 33.7692 0 130.443 44.0424 38.7387 0 0.216642 0.875351 21.2484 27.8477 110.628
10.6875 14.7616 5.7663 127.912 107.644 41.7164 7.86489 22.6045 20.4774 0.4235 111.409 60.1887 20.8101 0.216642 0 45.4963 0.201706 75.233 114.506
1.83414 33.5131 15.6782 123.289 114.8 64.0339 5.8416 16.1806 55.4327 0 143.766 61.3036 34.2693 0.875351 45.4963 0 19.8583 22.7134 110.491
16.2556 6.7128 35.4525 50.2856 29.6203 23.6185 2.32691 37.2256 70.8835 0.3613 75.0752 70.8835 6.1754 21.2484 0.201706 19.8583 0 0 29.0087
14.0849 26.8437 43.0976 112.053 87.6114 26.6624 10.0543 24.5287 77.2985 51.9617 120.775 80.8557 23.7299 27.8477 75.233 22.7134 0 0 99.1479
90.9576 93.7226 107.592 13.6603 9.21319 81.1318 107.253 102.295 118.761 105.73 60.752 104.461 96.1459 110.628 114.506 110.491 29.0087 99.1479 0
