13
1 198 13 painting
2 200 13 painting
3 207 13 painting
4 149 119 nightstand
5 201 18 chair
6 30 8 pillow
7 31 8 pillow
8 110 119 nightstand
9 40 120 closet
10 108 14 mirror
11 84 3 cabinet
12 129 120 closet
13 125 37 bed
0 5.68816 28.4412 79.4016 272.286 35.2714 59.1299 70.0427 170.144 246.014 244.204 288.657 41.5468
5.68816 0 56.8823 100.851 268.589 37.1062 70.2321 59.3197 144.71 229.735 229.192 290.06 41.5468
28.4412 56.8823 0 63.6871 278.849 44.1179 56.2077 88.9434 196.404 264.357 261.458 289.026 41.5468
79.4016 100.851 63.6871 0 259.364 48.6161 16.3115 92.3575 214.163 280.585 259.305 286.183 15.2983
272.286 268.589 278.849 259.364 0 235.167 243.5 239.011 143.594 105.208 93.1958 38.9752 134.065
35.2714 37.1062 44.1179 48.6161 235.167 0 2.16805 13.7134 142.977 226.264 217.225 279.005 0
59.1299 70.2321 56.2077 16.3115 243.5 2.16805 0 46.2336 173.096 243.08 235.958 277.966 0
70.0427 59.3197 88.9434 92.3575 239.011 13.7134 46.2336 0 105.889 212.25 190.204 291.811 29.117
170.144 144.71 196.404 214.163 143.594 142.977 173.096 105.889 0 29.3412 31.6295 210.639 142.447
246.014 229.735 264.357 280.585 105.208 226.264 243.08 212.25 29.3412 0 37.0279 157.749 156.786
244.204 229.192 261.458 259.305 93.1958 217.225 235.958 190.204 31.6295 37.0279 0 162.47 148.149
288.657 290.06 289.026 286.183 38.9752 279.005 277.966 291.811 210.639 157.749 162.47 0 130.203
41.5468 41.5468 41.5468 15.2983 134.065 0 0 29.117 142.447 156.786 148.149 130.203 0
