7
1 5 37 bed
2 22 32 window_set
3 0 53 ceiling_fan
4 30 8 pillow
5 10 3 cabinet
6 9 19 floor_lamp
7 7 18 chair
0 68.3897 94.0057 0 45.6607 112.233 111.033
68.3897 0 69.9664 84.3047 25.5833 108.009 142.204
94.0057 69.9664 0 119.524 89.0345 96.5715 113.937
0 84.3047 119.524 0 50.8562 117.595 82.2156
45.6607 25.5833 89.0345 50.8562 0 87.2713 100.88
112.233 108.009 96.5715 117.595 87.2713 0 10.4586
111.033 142.204 113.937 82.2156 100.88 10.4586 0
