16
1 0 32 window_set
2 3 3 cabinet
3 4 10 table_lamp
4 5 10 table_lamp
5 19 35 curtain
6 12 37 bed
7 25 8 pillow
8 30 8 pillow
9 32 8 pillow
10 11 119 nightstand
11 2 18 chair
12 10 119 nightstand
13 6 17 ottoman
14 9 68 separation_screen
15 7 120 closet
16 94 14 mirror
0 107.17 57.6985 77.2515 0 24.445 50.2103 65.8777 51.5365 52.017 123.216 72.8112 115.123 171.055 67.4308 88.6941
107.17 0 184.82 71.2598 112.435 98.7936 99.9151 138.089 109.853 64.287 2.44638 180.551 128.899 190.043 230.003 0
57.6985 184.82 0 104.921 44.468 16.7026 19.0237 18.3524 46.4762 96.5601 153.591 1.4036 80.8069 149.772 36.0501 136.686
77.2515 71.2598 104.921 0 46.3873 18.2986 18.2717 53.8627 25.6472 1.339 42.1158 97.323 78.8096 149.391 146.686 20.7252
0 112.435 44.468 46.3873 0 35.5105 57.1762 61.8594 56.6427 59.4458 83.9987 68.2762 113.123 160.383 77.1644 49.2451
24.445 98.7936 16.7026 18.2986 35.5105 0 0.393702 0.340099 0.340099 4.85349 67.4422 5.63286 0 0 62.2618 57.2887
50.2103 99.9151 19.0237 18.2717 57.1762 0.393702 0 0 0 8.862 70.3947 7.404 83.3606 151.106 61.079 49.3827
65.8777 138.089 18.3524 53.8627 61.8594 0.340099 0 0 0 46.874 108.378 19.5364 73.5399 140.566 65.8287 88.624
51.5365 109.853 46.4762 25.6472 56.6427 0.340099 0 0 0 18.607 80.2966 44.4215 73.5399 141.754 93.3318 61.1956
52.017 64.287 96.5601 1.339 59.4458 4.85349 8.862 46.874 18.607 0 40.6573 87.9168 90.495 161.644 140.438 11.4941
123.216 2.44638 153.591 42.1158 83.9987 67.4422 70.3947 108.378 80.2966 40.6573 0 148.539 107.379 167.067 216.185 27.0738
72.8112 180.551 1.4036 97.323 68.2762 5.63286 7.404 19.5364 44.4215 87.9168 148.539 0 82.9835 0 21.7961 156.711
115.123 128.899 80.8069 78.8096 113.123 0 83.3606 73.5399 73.5399 90.495 107.379 82.9835 0 0 76.2583 108.459
171.055 190.043 149.772 149.391 160.383 0 151.106 140.566 141.754 161.644 167.067 0 0 0 49.4198 205.134
67.4308 230.003 36.0501 146.686 77.1644 62.2618 61.079 65.8287 93.3318 140.438 216.185 21.7961 76.2583 49.4198 0 213.481
88.6941 0 136.686 20.7252 49.2451 57.2887 49.3827 88.624 61.1956 11.4941 27.0738 156.711 108.459 205.134 213.481 0
